# Карта линии: замкнутый маршрут, шаг 1 м. Строится research/claude/build_route_map.py
# опорные поездки: 30618_0652866c, 30618_073f08d1
# s_m откалибровано под путь по скорости GNSS: research/claude/calibrate_route_s.py
s_m,lat,lon,alt
0.00,55.81040036,37.46229656,168.36
1.01,55.81040860,37.46230290,168.35
2.02,55.81041696,37.46230873,168.34
3.02,55.81042543,37.46231403,168.34
4.03,55.81043402,37.46231871,168.33
5.04,55.81044272,37.46232266,168.32
6.05,55.81045152,37.46232578,168.32
7.06,55.81046041,37.46232806,168.31
8.07,55.81046935,37.46232953,168.30
9.07,55.81047833,37.46233018,168.29
10.08,55.81048731,37.46233005,168.29
11.09,55.81049627,37.46232920,168.28
12.10,55.81050521,37.46232768,168.27
13.11,55.81051411,37.46232556,168.27
14.12,55.81052297,37.46232287,168.26
15.12,55.81053176,37.46231962,168.26
16.13,55.81054048,37.46231582,168.25
17.14,55.81054912,37.46231149,168.25
18.15,55.81055768,37.46230663,168.24
19.16,55.81056613,37.46230126,168.24
20.17,55.81057448,37.46229537,168.24
21.16,55.81058271,37.46228898,168.23
22.16,55.81059082,37.46228213,168.23
23.16,55.81059880,37.46227480,168.23
24.16,55.81060664,37.46226703,168.22
25.16,55.81061433,37.46225881,168.22
26.15,55.81062188,37.46225015,168.22
27.15,55.81062925,37.46224106,168.22
28.15,55.81063644,37.46223151,168.22
29.15,55.81064344,37.46222151,168.22
30.14,55.81065023,37.46221106,168.22
31.14,55.81065678,37.46220016,168.22
32.14,55.81066310,37.46218883,168.22
33.14,55.81066916,37.46217706,168.22
34.14,55.81067497,37.46216490,168.22
35.13,55.81068051,37.46215235,168.22
36.13,55.81068579,37.46213945,168.22
37.13,55.81069081,37.46212623,168.22
38.13,55.81069555,37.46211268,168.22
39.13,55.81070000,37.46209883,168.22
40.12,55.81070416,37.46208470,168.22
41.13,55.81070799,37.46207027,168.22
42.14,55.81071146,37.46205557,168.22
43.15,55.81071455,37.46204059,168.21
44.16,55.81071722,37.46202537,168.21
45.16,55.81071945,37.46200993,168.21
46.17,55.81072125,37.46199430,168.21
47.18,55.81072263,37.46197855,168.20
48.19,55.81072365,37.46196270,168.20
49.20,55.81072434,37.46194680,168.20
50.21,55.81072478,37.46193087,168.19
51.21,55.81072502,37.46191493,168.19
52.22,55.81072514,37.46189898,168.18
53.23,55.81072517,37.46188303,168.17
54.24,55.81072515,37.46186708,168.17
55.25,55.81072511,37.46185113,168.16
56.26,55.81072508,37.46183519,168.16
57.26,55.81072507,37.46181924,168.15
58.27,55.81072509,37.46180329,168.15
59.28,55.81072515,37.46178734,168.15
60.29,55.81072523,37.46177139,168.15
61.28,55.81072532,37.46175544,168.15
62.28,55.81072535,37.46173949,168.15
63.28,55.81072528,37.46172354,168.15
64.27,55.81072506,37.46170760,168.15
65.27,55.81072463,37.46169167,168.15
66.26,55.81072395,37.46167577,168.15
67.26,55.81072299,37.46165991,168.15
68.25,55.81072171,37.46164413,168.15
69.25,55.81072013,37.46162843,168.15
70.25,55.81071824,37.46161284,168.15
71.24,55.81071604,37.46159738,168.15
72.24,55.81071352,37.46158208,168.16
73.23,55.81071067,37.46156695,168.16
74.23,55.81070750,37.46155204,168.16
75.22,55.81070398,37.46153736,168.17
76.22,55.81070013,37.46152296,168.17
77.21,55.81069594,37.46150885,168.17
78.21,55.81069142,37.46149507,168.18
79.21,55.81068659,37.46148163,168.19
80.20,55.81068145,37.46146856,168.19
81.19,55.81067602,37.46145586,168.20
82.19,55.81067031,37.46144356,168.20
83.18,55.81066432,37.46143167,168.21
84.18,55.81065808,37.46142020,168.22
85.17,55.81065160,37.46140917,168.22
86.16,55.81064487,37.46139860,168.23
87.16,55.81063792,37.46138850,168.24
88.15,55.81063076,37.46137888,168.25
89.15,55.81062340,37.46136975,168.25
90.14,55.81061585,37.46136111,168.26
91.13,55.81060812,37.46135299,168.27
92.13,55.81060023,37.46134541,168.28
93.12,55.81059217,37.46133835,168.28
94.12,55.81058398,37.46133181,168.29
95.11,55.81057566,37.46132583,168.30
96.10,55.81056721,37.46132043,168.31
97.10,55.81055864,37.46131564,168.31
98.09,55.81054997,37.46131149,168.32
99.08,55.81054121,37.46130801,168.32
100.08,55.81053237,37.46130521,168.33
101.07,55.81052347,37.46130310,168.33
102.06,55.81051453,37.46130164,168.33
103.05,55.81050556,37.46130077,168.34
104.04,55.81049658,37.46130040,168.34
105.03,55.81048760,37.46130043,168.34
106.02,55.81047862,37.46130077,168.35
107.01,55.81046965,37.46130134,168.35
108.00,55.81046068,37.46130208,168.35
108.99,55.81045171,37.46130294,168.36
109.98,55.81044274,37.46130388,168.37
110.97,55.81043378,37.46130487,168.37
111.96,55.81042482,37.46130591,168.38
112.95,55.81041586,37.46130699,168.39
113.94,55.81040690,37.46130811,168.40
114.93,55.81039794,37.46130927,168.41
115.92,55.81038898,37.46131046,168.43
116.91,55.81038003,37.46131169,168.44
117.90,55.81037107,37.46131294,168.45
118.89,55.81036212,37.46131423,168.46
119.88,55.81035317,37.46131553,168.48
120.87,55.81034422,37.46131682,168.49
121.86,55.81033527,37.46131809,168.51
122.85,55.81032631,37.46131934,168.52
123.84,55.81031736,37.46132057,168.54
124.83,55.81030840,37.46132178,168.56
125.82,55.81029945,37.46132299,168.57
126.81,55.81029049,37.46132420,168.59
127.80,55.81028153,37.46132541,168.61
128.79,55.81027258,37.46132663,168.63
129.78,55.81026362,37.46132783,168.65
130.77,55.81025467,37.46132903,168.67
131.76,55.81024571,37.46133021,168.69
132.75,55.81023675,37.46133138,168.70
133.74,55.81022780,37.46133253,168.72
134.73,55.81021884,37.46133367,168.74
135.72,55.81020988,37.46133481,168.76
136.71,55.81020092,37.46133594,168.78
137.70,55.81019196,37.46133707,168.80
138.69,55.81018300,37.46133820,168.81
139.68,55.81017404,37.46133933,168.83
140.67,55.81016508,37.46134046,168.85
141.66,55.81015613,37.46134159,168.87
142.65,55.81014717,37.46134274,168.89
143.64,55.81013821,37.46134389,168.91
144.63,55.81012925,37.46134506,168.93
145.62,55.81012030,37.46134623,168.94
146.61,55.81011134,37.46134742,168.96
147.60,55.81010238,37.46134861,168.98
148.58,55.81009343,37.46134979,169.00
149.57,55.81008447,37.46135098,169.02
150.56,55.81007551,37.46135216,169.03
151.55,55.81006656,37.46135335,169.05
152.54,55.81005760,37.46135454,169.07
153.53,55.81004864,37.46135574,169.08
154.52,55.81003969,37.46135695,169.10
155.51,55.81003073,37.46135816,169.11
156.50,55.81002178,37.46135938,169.13
157.49,55.81001282,37.46136060,169.15
158.48,55.81000387,37.46136182,169.16
159.47,55.80999491,37.46136304,169.18
160.46,55.80998596,37.46136425,169.19
161.45,55.80997700,37.46136547,169.21
162.44,55.80996805,37.46136667,169.22
163.43,55.80995909,37.46136787,169.24
164.42,55.80995013,37.46136906,169.25
165.41,55.80994118,37.46137022,169.26
166.40,55.80993222,37.46137137,169.27
167.39,55.80992326,37.46137250,169.29
168.38,55.80991430,37.46137361,169.30
169.37,55.80990534,37.46137471,169.31
170.36,55.80989638,37.46137580,169.32
171.35,55.80988742,37.46137691,169.33
172.34,55.80987846,37.46137802,169.34
173.33,55.80986950,37.46137914,169.35
174.32,55.80986054,37.46138026,169.36
175.31,55.80985158,37.46138139,169.37
176.30,55.80984262,37.46138252,169.38
177.29,55.80983366,37.46138363,169.39
178.28,55.80982470,37.46138474,169.40
179.27,55.80981574,37.46138585,169.41
180.26,55.80980678,37.46138696,169.42
181.25,55.80979783,37.46138806,169.42
182.25,55.80978887,37.46138917,169.43
183.24,55.80977991,37.46139027,169.44
184.24,55.80977094,37.46139135,169.44
185.23,55.80976198,37.46139241,169.45
186.23,55.80975302,37.46139342,169.45
187.22,55.80974405,37.46139436,169.46
188.22,55.80973509,37.46139522,169.46
189.21,55.80972611,37.46139597,169.47
190.21,55.80971714,37.46139661,169.47
191.20,55.80970816,37.46139709,169.48
192.19,55.80969918,37.46139742,169.49
193.19,55.80969020,37.46139755,169.49
194.18,55.80968122,37.46139748,169.50
195.18,55.80967224,37.46139720,169.50
196.17,55.80966326,37.46139670,169.51
197.17,55.80965429,37.46139597,169.51
198.16,55.80964533,37.46139497,169.52
199.16,55.80963638,37.46139365,169.52
200.16,55.80962745,37.46139195,169.53
201.15,55.80961855,37.46138983,169.53
202.15,55.80960969,37.46138720,169.54
203.15,55.80960089,37.46138401,169.54
204.15,55.80959217,37.46138019,169.55
205.15,55.80958355,37.46137573,169.55
206.15,55.80957505,37.46137062,169.56
207.15,55.80956667,37.46136486,169.56
208.15,55.80955845,37.46135845,169.56
209.15,55.80955039,37.46135143,169.56
210.15,55.80954248,37.46134389,169.57
211.14,55.80953471,37.46133589,169.57
212.14,55.80952706,37.46132753,169.57
213.14,55.80951950,37.46131892,169.57
214.14,55.80951201,37.46131013,169.57
215.14,55.80950455,37.46130125,169.56
216.14,55.80949710,37.46129233,169.56
217.14,55.80948965,37.46128341,169.56
218.14,55.80948221,37.46127449,169.55
219.14,55.80947477,37.46126556,169.55
220.13,55.80946732,37.46125664,169.55
221.13,55.80945987,37.46124773,169.54
222.13,55.80945242,37.46123883,169.54
223.13,55.80944496,37.46122994,169.53
224.13,55.80943750,37.46122107,169.53
225.13,55.80943004,37.46121219,169.53
226.13,55.80942257,37.46120333,169.52
227.13,55.80941511,37.46119445,169.52
228.13,55.80940765,37.46118556,169.51
229.12,55.80940020,37.46117666,169.51
230.12,55.80939275,37.46116775,169.50
231.12,55.80938531,37.46115883,169.50
232.12,55.80937787,37.46114990,169.50
233.12,55.80937042,37.46114098,169.49
234.12,55.80936297,37.46113206,169.49
235.12,55.80935552,37.46112316,169.48
236.12,55.80934807,37.46111426,169.48
237.12,55.80934060,37.46110540,169.48
238.12,55.80933313,37.46109655,169.47
239.11,55.80932564,37.46108774,169.47
240.11,55.80931815,37.46107894,169.47
241.11,55.80931065,37.46107017,169.46
242.11,55.80930315,37.46106140,169.46
243.11,55.80929565,37.46105263,169.46
244.11,55.80928815,37.46104384,169.45
245.11,55.80928066,37.46103504,169.45
246.11,55.80927318,37.46102621,169.45
247.11,55.80926572,37.46101735,169.44
248.11,55.80925825,37.46100847,169.44
249.11,55.80925080,37.46099958,169.44
250.10,55.80924335,37.46099068,169.44
251.10,55.80923589,37.46098178,169.43
252.10,55.80922844,37.46097288,169.43
253.10,55.80922098,37.46096399,169.43
254.10,55.80921352,37.46095512,169.43
255.10,55.80920605,37.46094627,169.43
256.10,55.80919857,37.46093744,169.44
257.10,55.80919108,37.46092862,169.44
258.10,55.80918360,37.46091981,169.44
259.10,55.80917611,37.46091100,169.44
260.09,55.80916862,37.46090220,169.45
261.08,55.80916114,37.46089338,169.46
262.08,55.80915366,37.46088456,169.46
263.07,55.80914618,37.46087572,169.47
264.06,55.80913870,37.46086689,169.48
265.06,55.80913123,37.46085804,169.48
266.05,55.80912376,37.46084919,169.49
267.04,55.80911629,37.46084034,169.50
268.04,55.80910882,37.46083149,169.52
269.03,55.80910134,37.46082263,169.53
270.02,55.80909387,37.46081378,169.54
271.01,55.80908640,37.46080493,169.55
272.01,55.80907893,37.46079608,169.57
273.00,55.80907146,37.46078722,169.58
273.99,55.80906399,37.46077836,169.59
274.99,55.80905653,37.46076949,169.61
275.98,55.80904907,37.46076062,169.62
276.97,55.80904161,37.46075174,169.64
277.97,55.80903415,37.46074285,169.66
278.96,55.80902669,37.46073396,169.67
279.95,55.80901923,37.46072508,169.69
280.94,55.80901178,37.46071619,169.70
281.93,55.80900432,37.46070730,169.72
282.92,55.80899686,37.46069842,169.73
283.90,55.80898940,37.46068955,169.75
284.89,55.80898193,37.46068067,169.77
285.88,55.80897447,37.46067180,169.78
286.87,55.80896700,37.46066294,169.80
287.86,55.80895954,37.46065407,169.82
288.85,55.80895207,37.46064520,169.83
289.84,55.80894461,37.46063633,169.85
290.82,55.80893714,37.46062746,169.86
291.81,55.80892968,37.46061860,169.88
292.80,55.80892221,37.46060973,169.89
293.79,55.80891475,37.46060086,169.91
294.78,55.80890729,37.46059199,169.92
295.77,55.80889982,37.46058312,169.94
296.76,55.80889235,37.46057425,169.95
297.75,55.80888489,37.46056539,169.97
298.73,55.80887742,37.46055653,169.99
299.72,55.80886995,37.46054767,170.01
300.71,55.80886248,37.46053881,170.02
301.70,55.80885501,37.46052995,170.04
302.69,55.80884754,37.46052110,170.06
303.68,55.80884008,37.46051224,170.08
304.67,55.80883260,37.46050339,170.10
305.65,55.80882513,37.46049454,170.12
306.64,55.80881766,37.46048569,170.14
307.63,55.80881019,37.46047684,170.16
308.62,55.80880271,37.46046800,170.18
309.61,55.80879524,37.46045915,170.19
310.60,55.80878776,37.46045031,170.21
311.59,55.80878029,37.46044147,170.23
312.58,55.80877281,37.46043264,170.25
313.56,55.80876533,37.46042381,170.27
314.55,55.80875786,37.46041497,170.29
315.54,55.80875038,37.46040612,170.31
316.53,55.80874292,37.46039726,170.33
317.52,55.80873545,37.46038839,170.34
318.51,55.80872800,37.46037949,170.36
319.49,55.80872055,37.46037058,170.38
320.46,55.80871311,37.46036166,170.39
321.44,55.80870566,37.46035273,170.41
322.42,55.80869822,37.46034382,170.43
323.40,55.80869076,37.46033491,170.44
324.37,55.80868331,37.46032603,170.46
325.35,55.80867584,37.46031716,170.47
326.33,55.80866837,37.46030830,170.49
327.31,55.80866090,37.46029945,170.50
328.29,55.80865342,37.46029061,170.52
329.26,55.80864594,37.46028178,170.53
330.24,55.80863846,37.46027296,170.55
331.22,55.80863098,37.46026414,170.56
332.20,55.80862350,37.46025531,170.58
333.17,55.80861602,37.46024648,170.59
334.15,55.80860854,37.46023765,170.61
335.13,55.80860107,37.46022880,170.62
336.11,55.80859361,37.46021993,170.63
337.09,55.80858615,37.46021105,170.65
338.06,55.80857869,37.46020216,170.66
339.06,55.80857124,37.46019326,170.67
340.06,55.80856378,37.46018436,170.69
341.06,55.80855633,37.46017545,170.70
342.05,55.80854888,37.46016656,170.71
343.05,55.80854142,37.46015768,170.73
344.05,55.80853395,37.46014881,170.74
345.05,55.80852648,37.46013996,170.76
346.04,55.80851901,37.46013112,170.77
347.04,55.80851153,37.46012229,170.78
348.04,55.80850404,37.46011349,170.80
349.04,55.80849655,37.46010468,170.81
350.04,55.80848906,37.46009588,170.83
351.03,55.80848157,37.46008707,170.84
352.03,55.80847409,37.46007825,170.85
353.03,55.80846661,37.46006943,170.87
354.03,55.80845913,37.46006060,170.88
355.02,55.80845165,37.46005176,170.90
356.02,55.80844418,37.46004292,170.91
357.02,55.80843670,37.46003408,170.93
358.02,55.80842922,37.46002525,170.94
359.01,55.80842174,37.46001642,170.96
360.00,55.80841426,37.46000759,170.97
361.00,55.80840678,37.45999876,170.99
361.99,55.80839931,37.45998993,171.01
362.99,55.80839183,37.45998109,171.02
363.98,55.80838435,37.45997225,171.04
364.97,55.80837688,37.45996340,171.05
365.97,55.80836942,37.45995454,171.06
366.96,55.80836195,37.45994567,171.08
367.96,55.80835449,37.45993679,171.09
368.95,55.80834703,37.45992792,171.10
369.94,55.80833957,37.45991904,171.12
370.94,55.80833210,37.45991016,171.13
371.93,55.80832464,37.45990130,171.15
372.93,55.80831717,37.45989245,171.16
373.92,55.80830969,37.45988361,171.18
374.91,55.80830221,37.45987479,171.19
375.91,55.80829472,37.45986598,171.20
376.90,55.80828723,37.45985717,171.22
377.90,55.80827974,37.45984837,171.23
378.91,55.80827226,37.45983956,171.24
379.92,55.80826477,37.45983074,171.25
380.93,55.80825729,37.45982191,171.26
381.94,55.80824982,37.45981307,171.28
382.96,55.80824235,37.45980422,171.29
383.97,55.80823488,37.45979537,171.30
384.98,55.80822740,37.45978652,171.31
385.99,55.80821993,37.45977767,171.33
387.00,55.80821246,37.45976883,171.34
388.02,55.80820498,37.45976000,171.35
389.03,55.80819750,37.45975117,171.37
390.04,55.80819002,37.45974233,171.38
391.05,55.80818254,37.45973350,171.39
392.06,55.80817506,37.45972467,171.40
393.08,55.80816759,37.45971584,171.42
394.09,55.80816011,37.45970700,171.43
395.10,55.80815264,37.45969816,171.44
396.11,55.80814516,37.45968932,171.46
397.12,55.80813768,37.45968048,171.47
398.14,55.80813020,37.45967165,171.48
399.13,55.80812272,37.45966282,171.49
400.12,55.80811524,37.45965399,171.51
401.12,55.80810777,37.45964516,171.52
402.11,55.80810029,37.45963633,171.53
403.11,55.80809281,37.45962749,171.54
404.10,55.80808534,37.45961864,171.56
405.09,55.80807787,37.45960978,171.57
406.09,55.80807040,37.45960092,171.58
407.08,55.80806294,37.45959206,171.59
408.08,55.80805547,37.45958320,171.60
409.07,55.80804800,37.45957434,171.61
410.06,55.80804053,37.45956550,171.62
411.06,55.80803305,37.45955666,171.63
412.05,55.80802557,37.45954783,171.64
413.05,55.80801810,37.45953899,171.65
414.04,55.80801062,37.45953015,171.66
415.03,55.80800315,37.45952131,171.66
416.03,55.80799568,37.45951245,171.67
417.02,55.80798821,37.45950360,171.68
418.02,55.80798074,37.45949474,171.69
419.00,55.80797326,37.45948590,171.70
419.99,55.80796579,37.45947705,171.70
420.98,55.80795832,37.45946821,171.71
421.96,55.80795084,37.45945936,171.72
422.95,55.80794337,37.45945052,171.73
423.93,55.80793589,37.45944168,171.74
424.92,55.80792843,37.45943282,171.74
425.91,55.80792096,37.45942395,171.75
426.89,55.80791349,37.45941509,171.76
427.88,55.80790603,37.45940622,171.76
428.87,55.80789856,37.45939736,171.77
429.85,55.80789109,37.45938851,171.77
430.84,55.80788361,37.45937968,171.78
431.83,55.80787613,37.45937086,171.78
432.81,55.80786865,37.45936204,171.79
433.80,55.80786116,37.45935322,171.79
434.78,55.80785368,37.45934439,171.80
435.77,55.80784621,37.45933555,171.80
436.76,55.80783874,37.45932668,171.81
437.74,55.80783128,37.45931780,171.81
438.70,55.80782383,37.45930891,171.82
439.66,55.80781638,37.45930000,171.82
440.62,55.80780893,37.45929109,171.82
441.58,55.80780147,37.45928219,171.83
442.54,55.80779402,37.45927330,171.83
443.51,55.80778656,37.45926442,171.84
444.47,55.80777909,37.45925556,171.84
445.43,55.80777162,37.45924671,171.84
446.39,55.80776414,37.45923788,171.85
447.35,55.80775666,37.45922906,171.85
448.31,55.80774918,37.45922024,171.86
449.27,55.80774170,37.45921140,171.87
450.23,55.80773422,37.45920256,171.87
451.19,55.80772676,37.45919370,171.88
452.15,55.80771929,37.45918482,171.88
453.11,55.80771184,37.45917593,171.89
454.07,55.80770438,37.45916704,171.90
455.03,55.80769693,37.45915814,171.90
455.99,55.80768947,37.45914925,171.91
456.95,55.80768201,37.45914037,171.91
457.91,55.80767455,37.45913150,171.92
458.87,55.80766708,37.45912265,171.92
459.83,55.80765960,37.45911381,171.93
460.79,55.80765212,37.45910499,171.93
461.75,55.80764463,37.45909618,171.93
462.71,55.80763714,37.45908738,171.94
463.67,55.80762965,37.45907859,171.94
464.63,55.80762215,37.45906980,171.94
465.59,55.80761466,37.45906100,171.94
466.55,55.80760717,37.45905220,171.94
467.51,55.80759969,37.45904338,171.94
468.47,55.80759221,37.45903454,171.94
469.43,55.80758474,37.45902569,171.94
470.39,55.80757728,37.45901683,171.94
471.35,55.80756981,37.45900796,171.94
472.32,55.80756235,37.45899908,171.94
473.28,55.80755489,37.45899021,171.94
474.24,55.80754742,37.45898135,171.93
475.20,55.80753995,37.45897250,171.93
476.16,55.80753247,37.45896365,171.93
477.14,55.80752499,37.45895483,171.93
478.12,55.80751751,37.45894601,171.92
479.11,55.80751002,37.45893720,171.92
480.09,55.80750254,37.45892839,171.92
481.07,55.80749505,37.45891959,171.91
482.05,55.80748756,37.45891078,171.91
483.04,55.80748008,37.45890196,171.91
484.02,55.80747260,37.45889313,171.90
485.00,55.80746512,37.45888429,171.90
485.99,55.80745764,37.45887547,171.90
486.97,55.80745025,37.45886641,171.90
487.95,55.80744293,37.45885716,171.89
488.94,55.80743546,37.45884831,171.89
489.92,55.80742801,37.45883942,171.89
490.90,55.80742057,37.45883049,171.88
491.89,55.80741297,37.45882198,171.88
492.87,55.80740543,37.45881332,171.87
493.85,55.80739797,37.45880443,171.87
494.83,55.80739050,37.45879558,171.86
495.82,55.80738302,37.45878674,171.86
496.80,55.80737554,37.45877792,171.86
497.78,55.80736806,37.45876910,171.85
498.77,55.80736058,37.45876029,171.85
499.75,55.80735309,37.45875147,171.85
500.73,55.80734561,37.45874266,171.84
501.72,55.80733812,37.45873383,171.84
502.70,55.80733064,37.45872500,171.84
503.68,55.80732317,37.45871617,171.83
504.66,55.80731569,37.45870733,171.83
505.65,55.80730822,37.45869849,171.83
506.63,55.80730074,37.45868965,171.82
507.61,55.80729327,37.45868081,171.82
508.60,55.80728579,37.45867197,171.82
509.58,55.80727831,37.45866313,171.82
510.56,55.80727083,37.45865430,171.81
511.55,55.80726336,37.45864547,171.81
512.53,55.80725588,37.45863664,171.81
513.51,55.80724840,37.45862781,171.81
514.49,55.80724092,37.45861898,171.81
515.48,55.80723344,37.45861015,171.80
516.46,55.80722596,37.45860132,171.80
517.44,55.80721848,37.45859250,171.80
518.43,55.80721099,37.45858369,171.80
519.41,55.80720351,37.45857487,171.80
520.39,55.80719603,37.45856605,171.80
521.38,55.80718854,37.45855723,171.79
522.36,55.80718107,37.45854840,171.79
523.34,55.80717359,37.45853955,171.79
524.32,55.80716613,37.45853069,171.79
525.31,55.80715866,37.45852182,171.79
526.29,55.80715121,37.45851293,171.78
527.27,55.80714375,37.45850403,171.78
528.26,55.80713630,37.45849514,171.78
529.24,55.80712884,37.45848624,171.78
530.22,55.80712139,37.45847735,171.77
531.21,55.80711393,37.45846847,171.77
532.19,55.80710646,37.45845960,171.77
533.17,55.80709900,37.45845073,171.76
534.16,55.80709152,37.45844189,171.76
535.14,55.80708405,37.45843305,171.76
536.14,55.80707657,37.45842421,171.75
537.14,55.80706909,37.45841539,171.75
538.13,55.80706161,37.45840656,171.75
539.13,55.80705413,37.45839774,171.74
540.13,55.80704665,37.45838891,171.74
541.13,55.80703917,37.45838008,171.73
542.13,55.80703170,37.45837124,171.73
543.13,55.80702422,37.45836240,171.73
544.12,55.80701675,37.45835355,171.72
545.12,55.80700928,37.45834470,171.72
546.12,55.80700181,37.45833584,171.72
547.12,55.80699434,37.45832697,171.71
548.12,55.80698688,37.45831811,171.71
549.12,55.80697942,37.45830923,171.71
550.12,55.80697196,37.45830035,171.70
551.11,55.80696449,37.45829147,171.70
552.11,55.80695703,37.45828260,171.70
553.11,55.80694957,37.45827373,171.70
554.11,55.80694210,37.45826488,171.69
555.11,55.80693462,37.45825603,171.69
556.11,55.80692714,37.45824721,171.69
557.11,55.80691966,37.45823839,171.68
558.10,55.80691217,37.45822959,171.68
559.10,55.80690468,37.45822078,171.67
560.10,55.80689720,37.45821197,171.67
561.10,55.80688972,37.45820314,171.67
562.10,55.80688224,37.45819429,171.66
563.10,55.80687478,37.45818541,171.65
564.10,55.80686734,37.45817650,171.65
565.09,55.80685991,37.45816754,171.64
566.09,55.80685249,37.45815855,171.63
567.09,55.80684508,37.45814953,171.63
568.09,55.80683769,37.45814047,171.62
569.09,55.80683031,37.45813138,171.61
570.09,55.80682294,37.45812227,171.60
571.09,55.80681558,37.45811314,171.59
572.08,55.80680822,37.45810400,171.58
573.08,55.80680087,37.45809483,171.57
574.08,55.80679352,37.45808565,171.56
575.08,55.80678619,37.45807645,171.55
576.08,55.80677886,37.45806723,171.54
577.07,55.80677154,37.45805799,171.53
578.07,55.80676423,37.45804871,171.52
579.07,55.80675694,37.45803940,171.52
580.07,55.80674967,37.45803004,171.51
581.06,55.80674242,37.45802063,171.50
582.06,55.80673519,37.45801116,171.49
583.06,55.80672799,37.45800163,171.49
584.06,55.80672083,37.45799202,171.48
585.05,55.80671369,37.45798234,171.48
586.05,55.80670658,37.45797258,171.47
587.05,55.80669951,37.45796276,171.47
588.05,55.80669246,37.45795287,171.47
589.04,55.80668545,37.45794292,171.46
590.04,55.80667846,37.45793289,171.46
591.04,55.80667151,37.45792279,171.46
592.04,55.80666460,37.45791261,171.45
593.03,55.80665772,37.45790235,171.45
594.03,55.80665089,37.45789200,171.44
595.03,55.80664410,37.45788157,171.44
596.03,55.80663734,37.45787105,171.44
597.02,55.80663063,37.45786046,171.43
598.02,55.80662395,37.45784981,171.43
599.02,55.80661729,37.45783910,171.42
600.02,55.80661065,37.45782835,171.42
601.01,55.80660403,37.45781758,171.41
602.01,55.80659742,37.45780679,171.41
603.01,55.80659081,37.45779599,171.40
604.00,55.80658421,37.45778517,171.40
605.00,55.80657762,37.45777434,171.39
606.00,55.80657104,37.45776348,171.39
607.00,55.80656448,37.45775259,171.38
607.99,55.80655794,37.45774166,171.38
608.99,55.80655142,37.45773069,171.38
609.99,55.80654494,37.45771966,171.37
610.99,55.80653848,37.45770858,171.37
611.98,55.80653204,37.45769745,171.36
612.98,55.80652563,37.45768628,171.36
613.98,55.80651925,37.45767506,171.36
614.98,55.80651289,37.45766380,171.35
615.97,55.80650655,37.45765250,171.35
616.97,55.80650024,37.45764116,171.35
617.97,55.80649394,37.45762979,171.35
618.97,55.80648767,37.45761838,171.34
619.96,55.80648141,37.45760694,171.34
620.96,55.80647517,37.45759548,171.34
621.96,55.80646894,37.45758399,171.33
622.96,55.80646272,37.45757248,171.33
623.95,55.80645651,37.45756095,171.33
624.95,55.80645032,37.45754940,171.33
625.95,55.80644414,37.45753783,171.32
626.94,55.80643798,37.45752622,171.32
627.94,55.80643185,37.45751457,171.32
628.94,55.80642574,37.45750287,171.31
629.94,55.80641968,37.45749111,171.31
630.93,55.80641366,37.45747928,171.31
631.93,55.80640768,37.45746737,171.30
632.93,55.80640177,37.45745537,171.30
633.93,55.80639590,37.45744330,171.29
634.92,55.80639008,37.45743115,171.29
635.92,55.80638431,37.45741893,171.29
636.91,55.80637857,37.45740667,171.28
637.91,55.80637285,37.45739438,171.28
638.90,55.80636714,37.45738206,171.27
639.89,55.80636146,37.45736971,171.27
640.89,55.80635578,37.45735735,171.27
641.88,55.80635014,37.45734495,171.26
642.87,55.80634452,37.45733250,171.26
643.87,55.80633894,37.45732001,171.25
644.86,55.80633340,37.45730745,171.24
645.86,55.80632790,37.45729485,171.24
646.85,55.80632244,37.45728219,171.23
647.84,55.80631701,37.45726948,171.23
648.84,55.80631161,37.45725673,171.22
649.83,55.80630624,37.45724395,171.21
650.83,55.80630089,37.45723114,171.21
651.82,55.80629557,37.45721830,171.20
652.81,55.80629026,37.45720543,171.19
653.81,55.80628498,37.45719254,171.19
654.80,55.80627972,37.45717962,171.18
655.79,55.80627447,37.45716668,171.17
656.79,55.80626922,37.45715373,171.17
657.78,55.80626398,37.45714078,171.16
658.78,55.80625873,37.45712784,171.16
659.77,55.80625346,37.45711492,171.15
660.76,55.80624818,37.45710203,171.15
661.76,55.80624287,37.45708916,171.14
662.75,55.80623755,37.45707632,171.13
663.75,55.80623222,37.45706348,171.13
664.74,55.80622689,37.45705064,171.12
665.73,55.80622158,37.45703778,171.12
666.73,55.80621630,37.45702488,171.12
667.72,55.80621107,37.45701192,171.11
668.71,55.80620590,37.45699888,171.11
669.71,55.80620079,37.45698576,171.10
670.70,55.80619576,37.45697256,171.10
671.70,55.80619080,37.45695926,171.09
672.69,55.80618591,37.45694588,171.09
673.68,55.80618109,37.45693242,171.08
674.68,55.80617634,37.45691890,171.08
675.67,55.80617164,37.45690530,171.07
676.67,55.80616699,37.45689166,171.07
677.67,55.80616239,37.45687797,171.06
678.66,55.80615782,37.45686423,171.05
679.66,55.80615329,37.45685047,171.05
680.66,55.80614878,37.45683667,171.04
681.65,55.80614429,37.45682286,171.03
682.65,55.80613982,37.45680903,171.03
683.65,55.80613537,37.45679518,171.02
684.64,55.80613092,37.45678132,171.02
685.64,55.80612650,37.45676745,171.01
686.64,55.80612209,37.45675355,171.01
687.63,55.80611770,37.45673964,171.00
688.63,55.80611333,37.45672571,171.00
689.63,55.80610898,37.45671175,171.00
690.63,55.80610467,37.45669777,170.99
691.62,55.80610038,37.45668376,170.99
692.62,55.80609612,37.45666972,170.99
693.62,55.80609189,37.45665565,170.98
694.61,55.80608770,37.45664154,170.98
695.62,55.80608354,37.45662741,170.98
696.62,55.80607941,37.45661325,170.97
697.62,55.80607531,37.45659905,170.97
698.63,55.80607125,37.45658484,170.97
699.63,55.80606720,37.45657060,170.97
700.63,55.80606318,37.45655634,170.96
701.64,55.80605917,37.45654207,170.96
702.64,55.80605518,37.45652778,170.96
703.64,55.80605119,37.45651349,170.95
704.65,55.80604723,37.45649918,170.95
705.65,55.80604330,37.45648484,170.95
706.65,55.80603939,37.45647049,170.94
707.66,55.80603551,37.45645610,170.94
708.66,55.80603167,37.45644168,170.93
709.66,55.80602788,37.45642723,170.92
710.67,55.80602412,37.45641274,170.92
711.67,55.80602040,37.45639823,170.91
712.67,55.80601671,37.45638369,170.90
713.68,55.80601303,37.45636914,170.90
714.68,55.80600937,37.45635458,170.89
715.68,55.80600573,37.45634000,170.88
716.67,55.80600209,37.45632542,170.87
717.67,55.80599848,37.45631082,170.87
718.67,55.80599488,37.45629621,170.86
719.66,55.80599132,37.45628157,170.85
720.66,55.80598778,37.45626691,170.84
721.66,55.80598429,37.45625222,170.83
722.65,55.80598082,37.45623751,170.82
723.65,55.80597739,37.45622277,170.82
724.65,55.80597398,37.45620802,170.81
725.64,55.80597060,37.45619325,170.80
726.64,55.80596722,37.45617847,170.79
727.64,55.80596385,37.45616369,170.78
728.63,55.80596049,37.45614890,170.77
729.63,55.80595713,37.45613411,170.76
730.63,55.80595378,37.45611931,170.75
731.62,55.80595044,37.45610451,170.73
732.62,55.80594711,37.45608970,170.72
733.62,55.80594379,37.45607488,170.71
734.61,55.80594049,37.45606005,170.70
735.61,55.80593720,37.45604521,170.69
736.60,55.80593392,37.45603037,170.68
737.60,55.80593064,37.45601552,170.67
738.59,55.80592736,37.45600067,170.65
739.59,55.80592409,37.45598582,170.64
740.58,55.80592081,37.45597098,170.63
741.58,55.80591754,37.45595613,170.62
742.57,55.80591427,37.45594127,170.60
743.56,55.80591100,37.45592642,170.59
744.56,55.80590774,37.45591156,170.58
745.55,55.80590448,37.45589670,170.57
746.55,55.80590123,37.45588183,170.57
747.54,55.80589799,37.45586696,170.62
748.54,55.80589475,37.45585209,170.64
749.53,55.80589151,37.45583721,170.63
750.53,55.80588829,37.45582232,170.62
751.52,55.80588507,37.45580743,170.61
752.51,55.80588186,37.45579254,170.60
753.51,55.80587768,37.45577873,170.59
754.50,55.80587113,37.45576789,170.58
755.50,55.80586717,37.45575401,170.55
756.49,55.80586410,37.45573902,170.52
757.49,55.80586328,37.45572361,170.49
758.48,55.80586367,37.45570770,170.47
759.48,55.80586134,37.45569246,170.46
760.47,55.80585840,37.45567740,170.44
761.46,55.80585549,37.45566231,170.42
762.46,55.80585261,37.45564720,170.40
763.45,55.80584976,37.45563208,170.38
764.45,55.80584694,37.45561694,170.31
765.44,55.80584415,37.45560178,170.24
766.44,55.80584140,37.45558660,170.20
767.43,55.80583867,37.45557141,170.18
768.42,55.80583598,37.45555619,170.16
769.42,55.80583332,37.45554096,170.13
770.41,55.80583069,37.45552571,170.11
771.41,55.80582810,37.45551044,170.09
772.40,55.80582555,37.45549515,170.07
773.40,55.80582305,37.45547984,170.05
774.39,55.80582060,37.45546450,170.02
775.39,55.80581820,37.45544913,170.00
776.38,55.80581586,37.45543373,169.98
777.38,55.80581357,37.45541831,169.95
778.38,55.80581133,37.45540287,169.93
779.37,55.80580914,37.45538740,169.90
780.37,55.80580700,37.45537192,169.88
781.36,55.80580490,37.45535641,169.86
782.36,55.80580285,37.45534089,169.83
783.35,55.80580082,37.45532535,169.81
784.35,55.80579884,37.45530980,169.78
785.35,55.80579689,37.45529423,169.76
786.34,55.80579497,37.45527865,169.73
787.34,55.80579309,37.45526306,169.71
788.33,55.80579123,37.45524746,169.68
789.33,55.80578939,37.45523185,169.65
790.33,55.80578758,37.45521623,169.63
791.32,55.80578577,37.45520061,169.60
792.32,55.80578398,37.45518498,169.57
793.31,55.80578220,37.45516935,169.55
794.31,55.80578044,37.45515371,169.52
795.31,55.80577870,37.45513807,169.50
796.30,55.80577698,37.45512242,169.47
797.30,55.80577527,37.45510676,169.45
798.30,55.80577359,37.45509109,169.42
799.30,55.80577192,37.45507542,169.40
800.30,55.80577026,37.45505975,169.38
801.29,55.80576861,37.45504408,169.36
802.29,55.80576695,37.45502840,169.34
803.29,55.80576529,37.45501273,169.32
804.29,55.80576363,37.45499706,169.29
805.28,55.80576196,37.45498139,169.27
806.28,55.80576029,37.45496572,169.25
807.28,55.80575862,37.45495005,169.23
808.28,55.80575696,37.45493438,169.20
809.28,55.80575531,37.45491871,169.18
810.27,55.80575367,37.45490303,169.16
811.27,55.80575206,37.45488734,169.14
812.27,55.80575048,37.45487164,169.12
813.27,55.80574892,37.45485594,169.10
814.26,55.80574740,37.45484022,169.08
815.26,55.80574591,37.45482449,169.06
816.26,55.80574444,37.45480876,169.04
817.25,55.80574300,37.45479302,169.01
818.25,55.80574158,37.45477727,168.99
819.24,55.80574016,37.45476153,168.97
820.24,55.80573874,37.45474578,168.95
821.23,55.80573732,37.45473003,168.92
822.23,55.80573589,37.45471429,168.90
823.23,55.80573445,37.45469855,168.88
824.22,55.80573302,37.45468280,168.86
825.22,55.80573160,37.45466706,168.83
826.21,55.80573020,37.45465131,168.81
827.21,55.80572881,37.45463555,168.79
828.21,55.80572745,37.45461979,168.77
829.20,55.80572611,37.45460402,168.75
830.20,55.80572479,37.45458825,168.73
831.19,55.80572348,37.45457247,168.71
832.19,55.80572218,37.45455669,168.68
833.19,55.80572090,37.45454091,168.66
834.18,55.80571962,37.45452512,168.64
835.18,55.80571835,37.45450934,168.62
836.18,55.80571708,37.45449355,168.60
837.17,55.80571583,37.45447776,168.58
838.17,55.80571459,37.45446196,168.56
839.17,55.80571336,37.45444617,168.54
840.17,55.80571214,37.45443037,168.52
841.17,55.80571094,37.45441456,168.50
842.16,55.80570974,37.45439876,168.48
843.16,55.80570855,37.45438295,168.46
844.16,55.80570738,37.45436714,168.44
845.16,55.80570621,37.45435133,168.42
846.16,55.80570505,37.45433552,168.40
847.15,55.80570390,37.45431970,168.38
848.15,55.80570275,37.45430388,168.36
849.15,55.80570160,37.45428807,168.34
850.15,55.80570045,37.45427225,168.32
851.15,55.80569930,37.45425644,168.30
852.14,55.80569814,37.45424062,168.28
853.14,55.80569698,37.45422481,168.26
854.14,55.80569582,37.45420900,168.24
855.14,55.80569464,37.45419319,168.22
856.13,55.80569347,37.45417738,168.20
857.13,55.80569229,37.45416157,168.18
858.12,55.80569110,37.45414576,168.16
859.12,55.80568991,37.45412995,168.14
860.11,55.80568872,37.45411415,168.12
861.11,55.80568754,37.45409834,168.10
862.11,55.80568635,37.45408253,168.09
863.10,55.80568517,37.45406672,168.07
864.10,55.80568399,37.45405092,168.05
865.09,55.80568281,37.45403511,168.03
866.09,55.80568163,37.45401930,168.04
867.08,55.80568045,37.45400349,167.97
868.08,55.80567926,37.45398768,167.98
869.08,55.80567807,37.45397188,167.97
870.07,55.80567687,37.45395607,167.95
871.07,55.80567567,37.45394027,167.94
872.06,55.80567446,37.45392447,167.92
873.06,55.80567250,37.45390891,167.91
874.06,55.80567086,37.45389325,167.89
875.05,55.80566937,37.45387756,167.87
876.05,55.80566817,37.45386175,167.85
877.05,55.80566756,37.45384588,167.83
878.05,55.80566666,37.45383003,167.81
879.04,55.80566618,37.45381411,167.80
880.04,55.80566493,37.45379832,167.79
881.04,55.80566377,37.45378250,167.77
882.04,55.80566260,37.45376669,167.76
883.03,55.80566144,37.45375088,167.75
884.03,55.80566027,37.45373507,167.71
885.03,55.80565912,37.45371925,167.75
886.03,55.80565796,37.45370344,167.71
887.02,55.80565680,37.45368763,167.70
888.02,55.80565564,37.45367181,167.68
889.02,55.80565448,37.45365600,167.67
890.02,55.80565331,37.45364019,167.65
891.01,55.80565214,37.45362438,167.63
892.01,55.80565097,37.45360856,167.62
893.01,55.80564980,37.45359275,167.60
894.01,55.80564862,37.45357694,167.58
895.00,55.80564744,37.45356114,167.56
896.00,55.80564626,37.45354533,167.55
896.99,55.80564507,37.45352952,167.53
897.99,55.80564388,37.45351371,167.51
898.98,55.80564268,37.45349791,167.50
899.98,55.80564148,37.45348211,167.48
900.97,55.80564028,37.45346630,167.46
901.97,55.80563908,37.45345050,167.44
902.96,55.80563788,37.45343469,167.43
903.96,55.80563668,37.45341889,167.41
904.95,55.80563548,37.45340309,167.39
905.95,55.80563429,37.45338728,167.37
906.95,55.80563310,37.45337147,167.36
907.94,55.80563191,37.45335567,167.34
908.94,55.80563072,37.45333986,167.33
909.93,55.80562954,37.45332405,167.31
910.93,55.80562835,37.45330824,167.29
911.92,55.80562718,37.45329243,167.28
912.92,55.80562600,37.45327662,167.26
913.91,55.80562483,37.45326081,167.25
914.91,55.80562366,37.45324500,167.23
915.91,55.80562249,37.45322919,167.22
916.91,55.80562132,37.45321338,167.20
917.90,55.80562014,37.45319757,167.18
918.90,55.80561895,37.45318176,167.17
919.90,55.80561776,37.45316596,167.15
920.90,55.80561657,37.45315015,167.14
921.89,55.80561538,37.45313435,167.12
922.89,55.80561418,37.45311854,167.10
923.89,55.80561299,37.45310274,167.09
924.89,55.80561179,37.45308693,167.07
925.88,55.80561060,37.45307112,167.06
926.88,55.80560941,37.45305532,167.04
927.88,55.80560823,37.45303951,167.02
928.88,55.80560704,37.45302370,167.01
929.87,55.80560585,37.45300790,166.99
930.87,55.80560467,37.45299209,166.98
931.87,55.80560348,37.45297628,166.96
932.87,55.80560229,37.45296047,166.95
933.86,55.80560110,37.45294467,166.93
934.86,55.80559990,37.45292886,166.92
935.85,55.80559870,37.45291306,166.90
936.85,55.80559749,37.45289726,166.89
937.84,55.80559628,37.45288146,166.88
938.84,55.80559506,37.45286566,166.86
939.84,55.80559385,37.45284986,166.85
940.83,55.80559264,37.45283405,166.84
941.83,55.80559143,37.45281825,166.82
942.82,55.80559023,37.45280245,166.81
943.82,55.80558903,37.45278664,166.80
944.81,55.80558784,37.45277084,166.78
945.81,55.80558666,37.45275503,166.77
946.80,55.80558548,37.45273922,166.75
947.80,55.80558430,37.45272341,166.74
948.79,55.80558311,37.45270760,166.73
949.79,55.80558193,37.45269180,166.72
950.78,55.80558075,37.45267599,166.70
951.78,55.80557956,37.45266018,166.69
952.77,55.80557837,37.45264437,166.68
953.77,55.80557718,37.45262857,166.66
954.77,55.80557599,37.45261276,166.65
955.78,55.80557480,37.45259695,166.64
956.79,55.80557361,37.45258115,166.62
957.79,55.80557241,37.45256534,166.61
958.80,55.80557122,37.45254954,166.60
959.80,55.80557002,37.45253373,166.58
960.81,55.80556881,37.45251793,166.57
961.81,55.80556761,37.45250213,166.56
962.82,55.80556640,37.45248633,166.55
963.82,55.80556518,37.45247053,166.53
964.83,55.80556397,37.45245473,166.52
965.83,55.80556276,37.45243892,166.51
966.84,55.80556154,37.45242312,166.49
967.84,55.80556033,37.45240732,166.48
968.85,55.80555912,37.45239152,166.47
969.86,55.80555791,37.45237572,166.45
970.86,55.80555669,37.45235992,166.44
971.87,55.80555546,37.45234412,166.43
972.87,55.80555422,37.45232833,166.42
973.88,55.80555297,37.45231254,166.40
974.87,55.80555172,37.45229675,166.39
975.86,55.80555046,37.45228096,166.38
976.86,55.80554922,37.45226516,166.37
977.85,55.80554800,37.45224936,166.36
978.85,55.80554680,37.45223356,166.35
979.84,55.80554561,37.45221775,166.34
980.83,55.80554445,37.45220194,166.33
981.83,55.80554330,37.45218612,166.32
982.82,55.80554216,37.45217031,166.32
983.82,55.80554101,37.45215449,166.31
984.81,55.80553985,37.45213868,166.30
985.81,55.80553868,37.45212287,166.30
986.80,55.80553749,37.45210706,166.29
987.79,55.80553630,37.45209125,166.29
988.79,55.80553510,37.45207545,166.28
989.78,55.80553389,37.45205965,166.28
990.78,55.80553269,37.45204384,166.27
991.77,55.80553149,37.45202804,166.27
992.76,55.80553030,37.45201223,166.27
993.76,55.80552912,37.45199642,166.26
994.74,55.80552795,37.45198061,166.26
995.73,55.80552678,37.45196480,166.25
996.72,55.80552562,37.45194899,166.25
997.70,55.80552447,37.45193317,166.24
998.69,55.80552332,37.45191735,166.24
999.68,55.80552219,37.45190153,166.23
1000.67,55.80552107,37.45188571,166.23
1001.65,55.80551996,37.45186989,166.22
1002.64,55.80551886,37.45185406,166.22
1003.63,55.80551777,37.45183823,166.21
1004.61,55.80551670,37.45182240,166.20
1005.60,55.80551563,37.45180656,166.20
1006.59,55.80551458,37.45179073,166.19
1007.57,55.80551355,37.45177488,166.19
1008.56,55.80551254,37.45175904,166.18
1009.55,55.80551155,37.45174319,166.18
1010.53,55.80551058,37.45172733,166.17
1011.52,55.80550962,37.45171148,166.16
1012.51,55.80550868,37.45169562,166.16
1013.49,55.80550774,37.45167976,166.15
1014.48,55.80550680,37.45166390,166.15
1015.47,55.80550586,37.45164804,166.14
1016.46,55.80550492,37.45163218,166.14
1017.44,55.80550397,37.45161632,166.13
1018.43,55.80550301,37.45160047,166.13
1019.42,55.80550205,37.45158461,166.12
1020.40,55.80550108,37.45156876,166.11
1021.39,55.80550012,37.45155290,166.11
1022.38,55.80549915,37.45153705,166.10
1023.36,55.80549820,37.45152119,166.09
1024.35,55.80549726,37.45150533,166.09
1025.34,55.80549633,37.45148947,166.08
1026.32,55.80549543,37.45147360,166.08
1027.31,55.80549455,37.45145773,166.07
1028.30,55.80549369,37.45144186,166.06
1029.28,55.80549285,37.45142598,166.06
1030.27,55.80549203,37.45141010,166.05
1031.26,55.80549123,37.45139422,166.04
1032.24,55.80549045,37.45137833,166.04
1033.23,55.80548968,37.45136244,166.03
1034.24,55.80548893,37.45134655,166.02
1035.24,55.80548819,37.45133066,166.02
1036.24,55.80548747,37.45131476,166.01
1037.25,55.80548674,37.45129887,166.00
1038.25,55.80548603,37.45128297,166.00
1039.25,55.80548533,37.45126707,165.99
1040.26,55.80548464,37.45125117,165.99
1041.26,55.80548396,37.45123527,165.99
1042.26,55.80548328,37.45121937,165.98
1043.27,55.80548260,37.45120347,165.98
1044.27,55.80548192,37.45118757,165.98
1045.27,55.80548122,37.45117167,165.97
1046.28,55.80548049,37.45115577,165.97
1047.28,55.80547975,37.45113988,165.96
1048.28,55.80547899,37.45112399,165.96
1049.29,55.80547824,37.45110810,165.96
1050.29,55.80547750,37.45109221,165.96
1051.29,55.80547677,37.45107631,165.95
1052.30,55.80547607,37.45106042,165.95
1053.30,55.80547540,37.45104451,165.95
1054.30,55.80547477,37.45102861,165.94
1055.31,55.80547415,37.45101270,165.94
1056.31,55.80547354,37.45099679,165.94
1057.31,55.80547294,37.45098087,165.94
1058.32,55.80547233,37.45096496,165.94
1059.32,55.80547170,37.45094906,165.93
1060.32,55.80547105,37.45093315,165.93
1061.33,55.80547037,37.45091725,165.93
1062.33,55.80546968,37.45090135,165.93
1063.34,55.80546896,37.45088545,165.92
1064.34,55.80546824,37.45086956,165.92
1065.34,55.80546751,37.45085366,165.92
1066.35,55.80546680,37.45083777,165.92
1067.35,55.80546611,37.45082187,165.91
1068.35,55.80546545,37.45080596,165.91
1069.36,55.80546479,37.45079006,165.91
1070.36,55.80546415,37.45077415,165.91
1071.36,55.80546352,37.45075825,165.91
1072.37,55.80546288,37.45074234,165.91
1073.37,55.80546223,37.45072643,165.91
1074.37,55.80546157,37.45071053,165.91
1075.36,55.80546089,37.45069463,165.91
1076.36,55.80546020,37.45067873,165.91
1077.36,55.80545952,37.45066283,165.91
1078.35,55.80545884,37.45064693,165.91
1079.35,55.80545817,37.45063102,165.91
1080.35,55.80545751,37.45061512,165.91
1081.35,55.80545686,37.45059921,165.92
1082.34,55.80545624,37.45058330,165.92
1083.34,55.80545563,37.45056739,165.92
1084.34,55.80545502,37.45055148,165.92
1085.33,55.80545442,37.45053557,165.92
1086.33,55.80545383,37.45051966,165.92
1087.33,55.80545323,37.45050375,165.92
1088.32,55.80545264,37.45048784,165.92
1089.32,55.80545204,37.45047192,165.92
1090.32,55.80545144,37.45045601,165.92
1091.32,55.80545085,37.45044010,165.93
1092.31,55.80545026,37.45042419,165.93
1093.31,55.80544967,37.45040828,165.93
1094.31,55.80544907,37.45039236,165.93
1095.30,55.80544845,37.45037645,165.94
1096.30,55.80544782,37.45036055,165.94
1097.30,55.80544716,37.45034464,165.94
1098.29,55.80544646,37.45032874,165.95
1099.29,55.80544572,37.45031285,165.95
1100.29,55.80544496,37.45029696,165.96
1101.29,55.80544417,37.45028108,165.96
1102.28,55.80544339,37.45026519,165.97
1103.28,55.80544263,37.45024930,165.97
1104.28,55.80544193,37.45023340,165.98
1105.27,55.80544129,37.45021749,165.98
1106.27,55.80544075,37.45020158,165.98
1107.27,55.80544034,37.45018565,165.99
1108.27,55.80544008,37.45016971,165.99
1109.26,55.80543997,37.45015376,165.99
1110.26,55.80544003,37.45013781,166.00
1111.26,55.80544026,37.45012187,166.00
1112.25,55.80544068,37.45010594,166.00
1113.25,55.80544128,37.45009003,166.00
1114.25,55.80544205,37.45007414,166.00
1115.26,55.80544298,37.45005828,166.00
1116.26,55.80544405,37.45004245,166.00
1117.26,55.80544523,37.45002664,166.00
1118.26,55.80544651,37.45001085,166.00
1119.27,55.80544785,37.44999509,165.99
1120.27,55.80544923,37.44997933,165.99
1121.27,55.80545062,37.44996357,165.98
1122.27,55.80545200,37.44994782,165.98
1123.28,55.80545334,37.44993205,165.97
1124.28,55.80545460,37.44991626,165.97
1125.28,55.80545577,37.44990045,165.97
1126.28,55.80545681,37.44988461,165.96
1127.29,55.80545772,37.44986874,165.96
1128.29,55.80545847,37.44985285,165.95
1129.29,55.80545907,37.44983694,165.95
1130.29,55.80545950,37.44982101,165.95
1131.30,55.80545978,37.44980507,165.95
1132.30,55.80545990,37.44978913,165.94
1133.30,55.80545988,37.44977318,165.94
1134.31,55.80545973,37.44975724,165.93
1135.31,55.80545947,37.44974130,165.93
1136.31,55.80545911,37.44972536,165.93
1137.31,55.80545869,37.44970943,165.92
1138.32,55.80545822,37.44969351,165.92
1139.32,55.80545772,37.44967758,165.91
1140.32,55.80545721,37.44966166,165.91
1141.32,55.80545668,37.44964574,165.90
1142.33,55.80545615,37.44962982,165.90
1143.33,55.80545560,37.44961391,165.89
1144.33,55.80545504,37.44959799,165.89
1145.33,55.80545446,37.44958208,165.88
1146.34,55.80545388,37.44956616,165.88
1147.34,55.80545328,37.44955025,165.87
1148.34,55.80545267,37.44953434,165.86
1149.34,55.80545206,37.44951843,165.86
1150.35,55.80545145,37.44950252,165.85
1151.35,55.80545083,37.44948661,165.84
1152.35,55.80545022,37.44947070,165.84
1153.35,55.80544960,37.44945479,165.83
1154.36,55.80544898,37.44943888,165.82
1155.36,55.80544836,37.44942298,165.82
1156.36,55.80544774,37.44940707,165.81
1157.37,55.80544713,37.44939116,165.81
1158.37,55.80544651,37.44937525,165.80
1159.37,55.80544590,37.44935934,165.79
1160.37,55.80544528,37.44934343,165.79
1161.38,55.80544467,37.44932752,165.78
1162.38,55.80544405,37.44931161,165.77
1163.38,55.80544342,37.44929570,165.77
1164.38,55.80544280,37.44927979,165.76
1165.39,55.80544217,37.44926388,165.75
1166.39,55.80544154,37.44924798,165.75
1167.39,55.80544091,37.44923207,165.74
1168.39,55.80544029,37.44921616,165.73
1169.40,55.80543967,37.44920025,165.73
1170.40,55.80543905,37.44918434,165.72
1171.40,55.80543843,37.44916843,165.71
1172.40,55.80543782,37.44915252,165.70
1173.41,55.80543720,37.44913661,165.70
1174.41,55.80543658,37.44912070,165.69
1175.41,55.80543595,37.44910480,165.68
1176.42,55.80543532,37.44908889,165.67
1177.42,55.80543469,37.44907298,165.66
1178.42,55.80543405,37.44905708,165.65
1179.42,55.80543341,37.44904117,165.64
1180.43,55.80543278,37.44902526,165.63
1181.43,55.80543216,37.44900935,165.63
1182.43,55.80543155,37.44899344,165.62
1183.43,55.80543094,37.44897753,165.60
1184.44,55.80543034,37.44896162,165.59
1185.44,55.80542974,37.44894571,165.58
1186.44,55.80542913,37.44892980,165.57
1187.44,55.80542853,37.44891389,165.56
1188.45,55.80542792,37.44889798,165.55
1189.45,55.80542731,37.44888207,165.53
1190.45,55.80542669,37.44886616,165.52
1191.46,55.80542607,37.44885025,165.50
1192.46,55.80542544,37.44883434,165.49
1193.46,55.80542481,37.44881843,165.48
1194.46,55.80542418,37.44880253,165.46
1195.47,55.80542354,37.44878662,165.45
1196.47,55.80542291,37.44877071,165.43
1197.47,55.80542228,37.44875480,165.42
1198.47,55.80542164,37.44873890,165.40
1199.48,55.80542102,37.44872299,165.39
1200.48,55.80542039,37.44870708,165.37
1201.48,55.80541978,37.44869117,165.36
1202.48,55.80541916,37.44867526,165.35
1203.49,55.80541854,37.44865935,165.33
1204.49,55.80541793,37.44864344,165.32
1205.49,55.80541732,37.44862753,165.30
1206.50,55.80541670,37.44861162,165.29
1207.50,55.80541609,37.44859571,165.27
1208.50,55.80541547,37.44857980,165.26
1209.50,55.80541486,37.44856389,165.25
1210.51,55.80541424,37.44854799,165.23
1211.51,55.80541361,37.44853208,165.22
1212.51,55.80541299,37.44851617,165.21
1213.51,55.80541237,37.44850026,165.20
1214.52,55.80541176,37.44848435,165.19
1215.52,55.80541115,37.44846844,165.17
1216.52,55.80541054,37.44845253,165.16
1217.52,55.80540995,37.44843662,165.15
1218.53,55.80540937,37.44842070,165.14
1219.53,55.80540878,37.44840479,165.13
1220.53,55.80540818,37.44838888,165.12
1221.53,55.80540758,37.44837297,165.11
1222.54,55.80540698,37.44835706,165.10
1223.54,55.80540637,37.44834115,165.09
1224.54,55.80540576,37.44832524,165.08
1225.55,55.80540514,37.44830933,165.07
1226.55,55.80540454,37.44829342,165.06
1227.55,55.80540393,37.44827751,165.05
1228.55,55.80540333,37.44826159,165.04
1229.56,55.80540273,37.44824568,165.03
1230.56,55.80540213,37.44822977,165.02
1231.56,55.80540152,37.44821386,165.01
1232.56,55.80540091,37.44819795,165.00
1233.57,55.80540030,37.44818204,164.99
1234.56,55.80539968,37.44816613,164.98
1235.56,55.80539905,37.44815022,164.97
1236.56,55.80539842,37.44813432,164.96
1237.56,55.80539778,37.44811841,164.96
1238.55,55.80539714,37.44810250,164.95
1239.55,55.80539651,37.44808660,164.94
1240.55,55.80539588,37.44807069,164.93
1241.55,55.80539525,37.44805478,164.92
1242.54,55.80539463,37.44803887,164.91
1243.54,55.80539402,37.44802296,164.90
1244.54,55.80539341,37.44800705,164.89
1245.54,55.80539280,37.44799114,164.88
1246.53,55.80539218,37.44797523,164.87
1247.53,55.80539157,37.44795932,164.86
1248.53,55.80539095,37.44794341,164.85
1249.53,55.80539034,37.44792750,164.84
1250.52,55.80538972,37.44791159,164.83
1251.52,55.80538910,37.44789568,164.82
1252.52,55.80538849,37.44787977,164.82
1253.52,55.80538788,37.44786386,164.81
1254.51,55.80538727,37.44784795,164.80
1255.51,55.80538667,37.44783204,164.79
1256.51,55.80538607,37.44781613,164.78
1257.51,55.80538548,37.44780022,164.77
1258.50,55.80538489,37.44778431,164.76
1259.50,55.80538429,37.44776839,164.75
1260.50,55.80538370,37.44775248,164.75
1261.50,55.80538310,37.44773657,164.74
1262.49,55.80538249,37.44772066,164.73
1263.49,55.80538188,37.44770475,164.72
1264.49,55.80538126,37.44768884,164.71
1265.49,55.80538064,37.44767293,164.71
1266.48,55.80538002,37.44765702,164.70
1267.48,55.80537941,37.44764111,164.69
1268.48,55.80537880,37.44762520,164.68
1269.48,55.80537819,37.44760929,164.68
1270.47,55.80537759,37.44759338,164.67
1271.47,55.80537698,37.44757747,164.66
1272.47,55.80537638,37.44756156,164.65
1273.47,55.80537578,37.44754565,164.65
1274.46,55.80537517,37.44752974,164.64
1275.46,55.80537457,37.44751383,164.63
1276.46,55.80537396,37.44749792,164.62
1277.46,55.80537335,37.44748201,164.61
1278.45,55.80537273,37.44746610,164.61
1279.45,55.80537211,37.44745019,164.60
1280.45,55.80537149,37.44743428,164.59
1281.45,55.80537087,37.44741837,164.59
1282.44,55.80537025,37.44740246,164.58
1283.44,55.80536963,37.44738655,164.57
1284.44,55.80536901,37.44737064,164.57
1285.44,55.80536840,37.44735473,164.56
1286.43,55.80536779,37.44733882,164.55
1287.43,55.80536718,37.44732291,164.54
1288.43,55.80536658,37.44730700,164.54
1289.43,55.80536597,37.44729109,164.53
1290.42,55.80536536,37.44727518,164.52
1291.42,55.80536475,37.44725927,164.51
1292.42,55.80536415,37.44724336,164.50
1293.42,55.80536354,37.44722745,164.50
1294.41,55.80536294,37.44721154,164.49
1295.40,55.80536233,37.44719563,164.48
1296.40,55.80536172,37.44717972,164.47
1297.39,55.80536111,37.44716381,164.47
1298.38,55.80536049,37.44714790,164.46
1299.38,55.80535986,37.44713199,164.45
1300.37,55.80535923,37.44711608,164.44
1301.37,55.80535859,37.44710018,164.44
1302.36,55.80535796,37.44708427,164.43
1303.35,55.80535733,37.44706836,164.42
1304.35,55.80535670,37.44705245,164.41
1305.34,55.80535608,37.44703654,164.41
1306.33,55.80535547,37.44702063,164.40
1307.33,55.80535486,37.44700472,164.39
1308.32,55.80535425,37.44698881,164.39
1309.32,55.80535365,37.44697290,164.38
1310.31,55.80535305,37.44695699,164.37
1311.30,55.80535244,37.44694108,164.37
1312.30,55.80535183,37.44692517,164.36
1313.29,55.80535121,37.44690926,164.35
1314.30,55.80535060,37.44689335,164.35
1315.30,55.80534997,37.44687744,164.34
1316.30,55.80534934,37.44686154,164.34
1317.31,55.80534870,37.44684563,164.33
1318.31,55.80534805,37.44682972,164.33
1319.32,55.80534741,37.44681382,164.33
1320.32,55.80534677,37.44679791,164.32
1321.32,55.80534615,37.44678200,164.32
1322.33,55.80534553,37.44676609,164.32
1323.33,55.80534492,37.44675018,164.31
1324.34,55.80534433,37.44673427,164.31
1325.34,55.80534374,37.44671836,164.31
1326.34,55.80534315,37.44670245,164.31
1327.35,55.80534255,37.44668653,164.30
1328.35,55.80534195,37.44667062,164.30
1329.36,55.80534134,37.44665471,164.30
1330.36,55.80534072,37.44663880,164.29
1331.36,55.80534008,37.44662290,164.29
1332.37,55.80533945,37.44660699,164.29
1333.37,55.80533881,37.44659108,164.28
1334.37,55.80533818,37.44657518,164.28
1335.36,55.80533755,37.44655927,164.27
1336.36,55.80533693,37.44654336,164.27
1337.36,55.80533633,37.44652745,164.26
1338.35,55.80533573,37.44651154,164.25
1339.35,55.80533514,37.44649562,164.25
1340.34,55.80533456,37.44647971,164.24
1341.34,55.80533397,37.44646380,164.23
1342.34,55.80533337,37.44644789,164.22
1343.33,55.80533277,37.44643197,164.21
1344.33,55.80533216,37.44641606,164.20
1345.32,55.80533155,37.44640015,164.19
1346.32,55.80533094,37.44638424,164.18
1347.31,55.80533032,37.44636834,164.17
1348.31,55.80532971,37.44635243,164.16
1349.31,55.80532910,37.44633651,164.14
1350.30,55.80532849,37.44632060,164.13
1351.30,55.80532788,37.44630469,164.12
1352.29,55.80532727,37.44628878,164.11
1353.29,55.80532665,37.44627288,164.10
1354.29,55.80532603,37.44625697,164.09
1355.29,55.80532540,37.44624106,164.07
1356.29,55.80532477,37.44622515,164.06
1357.29,55.80532415,37.44620924,164.05
1358.30,55.80532352,37.44619333,164.04
1359.30,55.80532290,37.44617743,164.03
1360.30,55.80532227,37.44616152,164.02
1361.30,55.80532165,37.44614561,164.00
1362.30,55.80532102,37.44612970,163.99
1363.30,55.80532040,37.44611379,163.98
1364.30,55.80531977,37.44609788,163.97
1365.30,55.80531915,37.44608198,163.96
1366.31,55.80531855,37.44606607,163.95
1367.31,55.80531795,37.44605015,163.94
1368.31,55.80531736,37.44603424,163.93
1369.31,55.80531678,37.44601833,163.92
1370.31,55.80531620,37.44600241,163.91
1371.31,55.80531562,37.44598650,163.90
1372.31,55.80531505,37.44597059,163.89
1373.32,55.80531446,37.44595467,163.89
1374.32,55.80531386,37.44593876,163.88
1375.32,55.80531325,37.44592285,163.87
1376.32,55.80531263,37.44590694,163.86
1377.32,55.80531200,37.44589103,163.85
1378.32,55.80531136,37.44587513,163.84
1379.32,55.80531071,37.44585922,163.84
1380.32,55.80531006,37.44584332,163.83
1381.33,55.80530941,37.44582741,163.82
1382.33,55.80530876,37.44581151,163.81
1383.33,55.80530812,37.44579560,163.81
1384.33,55.80530750,37.44577969,163.80
1385.33,55.80530688,37.44576378,163.79
1386.33,55.80530627,37.44574787,163.78
1387.33,55.80530568,37.44573196,163.78
1388.34,55.80530510,37.44571605,163.77
1389.34,55.80530452,37.44570013,163.76
1390.34,55.80530394,37.44568422,163.76
1391.34,55.80530336,37.44566831,163.75
1392.34,55.80530277,37.44565239,163.74
1393.34,55.80530218,37.44563648,163.73
1394.34,55.80530158,37.44562057,163.72
1395.35,55.80530097,37.44560466,163.72
1396.35,55.80530035,37.44558875,163.71
1397.35,55.80529973,37.44557284,163.70
1398.35,55.80529910,37.44555693,163.69
1399.35,55.80529847,37.44554102,163.68
1400.35,55.80529784,37.44552512,163.68
1401.35,55.80529721,37.44550921,163.67
1402.36,55.80529659,37.44549330,163.66
1403.36,55.80529596,37.44547739,163.65
1404.36,55.80529534,37.44546148,163.64
1405.36,55.80529472,37.44544558,163.63
1406.36,55.80529410,37.44542967,163.61
1407.36,55.80529349,37.44541376,163.60
1408.37,55.80529288,37.44539785,163.59
1409.37,55.80529228,37.44538194,163.58
1410.37,55.80529168,37.44536602,163.57
1411.37,55.80529108,37.44535011,163.55
1412.37,55.80529049,37.44533420,163.54
1413.37,55.80528990,37.44531829,163.53
1414.38,55.80528931,37.44530237,163.51
1415.38,55.80528872,37.44528646,163.50
1416.38,55.80528812,37.44527055,163.48
1417.38,55.80528752,37.44525464,163.47
1418.38,55.80528691,37.44523873,163.45
1419.38,55.80528629,37.44522282,163.43
1420.38,55.80528568,37.44520691,163.41
1421.39,55.80528506,37.44519100,163.40
1422.39,55.80528445,37.44517509,163.38
1423.39,55.80528385,37.44515918,163.36
1424.39,55.80528324,37.44514327,163.34
1425.39,55.80528264,37.44512736,163.32
1426.39,55.80528204,37.44511145,163.31
1427.40,55.80528143,37.44509554,163.29
1428.40,55.80528082,37.44507963,163.27
1429.40,55.80528021,37.44506372,163.25
1430.40,55.80527958,37.44504781,163.23
1431.40,55.80527895,37.44503190,163.22
1432.40,55.80527832,37.44501599,163.20
1433.41,55.80527770,37.44500009,163.18
1434.40,55.80527708,37.44498418,163.17
1435.40,55.80527646,37.44496827,163.15
1436.40,55.80527585,37.44495236,163.14
1437.40,55.80527525,37.44493645,163.12
1438.40,55.80527465,37.44492053,163.11
1439.40,55.80527406,37.44490462,163.09
1440.40,55.80527347,37.44488871,163.08
1441.40,55.80527287,37.44487280,163.07
1442.39,55.80527228,37.44485689,163.05
1443.39,55.80527167,37.44484098,163.04
1444.39,55.80527107,37.44482506,163.03
1445.39,55.80527045,37.44480916,163.02
1446.39,55.80526982,37.44479325,163.01
1447.39,55.80526920,37.44477734,163.00
1448.39,55.80526856,37.44476143,162.99
1449.39,55.80526794,37.44474552,162.98
1450.39,55.80526732,37.44472961,162.97
1451.38,55.80526670,37.44471371,162.96
1452.38,55.80526611,37.44469779,162.95
1453.38,55.80526552,37.44468188,162.95
1454.38,55.80526493,37.44466597,162.94
1455.38,55.80526435,37.44465005,162.93
1456.38,55.80526377,37.44463414,162.93
1457.38,55.80526319,37.44461823,162.92
1458.38,55.80526260,37.44460231,162.92
1459.38,55.80526200,37.44458640,162.91
1460.37,55.80526141,37.44457049,162.91
1461.37,55.80526080,37.44455458,162.91
1462.37,55.80526020,37.44453867,162.90
1463.37,55.80525960,37.44452276,162.90
1464.37,55.80525898,37.44450685,162.90
1465.37,55.80525837,37.44449094,162.89
1466.37,55.80525775,37.44447503,162.89
1467.37,55.80525712,37.44445912,162.89
1468.37,55.80525650,37.44444321,162.89
1469.36,55.80525586,37.44442731,162.88
1470.36,55.80525523,37.44441140,162.88
1471.36,55.80525461,37.44439549,162.87
1472.36,55.80525399,37.44437958,162.87
1473.36,55.80525338,37.44436367,162.86
1474.36,55.80525277,37.44434776,162.86
1475.36,55.80525218,37.44433185,162.85
1476.37,55.80525159,37.44431594,162.85
1477.37,55.80525099,37.44430002,162.84
1478.37,55.80525039,37.44428411,162.83
1479.37,55.80524978,37.44426820,162.82
1480.37,55.80524916,37.44425229,162.81
1481.37,55.80524854,37.44423638,162.80
1482.38,55.80524792,37.44422048,162.79
1483.38,55.80524729,37.44420457,162.78
1484.38,55.80524666,37.44418866,162.76
1485.38,55.80524604,37.44417275,162.75
1486.38,55.80524541,37.44415684,162.74
1487.39,55.80524479,37.44414094,162.72
1488.39,55.80524417,37.44412503,162.71
1489.39,55.80524355,37.44410912,162.70
1490.39,55.80524293,37.44409321,162.68
1491.39,55.80524231,37.44407730,162.67
1492.40,55.80524171,37.44406139,162.65
1493.40,55.80524110,37.44404548,162.64
1494.40,55.80524050,37.44402957,162.62
1495.40,55.80523991,37.44401366,162.60
1496.40,55.80523931,37.44399774,162.59
1497.41,55.80523871,37.44398183,162.57
1498.41,55.80523811,37.44396592,162.56
1499.41,55.80523752,37.44395001,162.54
1500.41,55.80523695,37.44393409,162.53
1501.41,55.80523639,37.44391818,162.51
1502.41,55.80523584,37.44390226,162.50
1503.42,55.80523527,37.44388635,162.48
1504.42,55.80523469,37.44387043,162.46
1505.42,55.80523410,37.44385452,162.45
1506.42,55.80523350,37.44383861,162.43
1507.42,55.80523287,37.44382270,162.41
1508.43,55.80523222,37.44380680,162.39
1509.43,55.80523157,37.44379089,162.38
1510.43,55.80523094,37.44377498,162.36
1511.43,55.80523031,37.44375908,162.34
1512.43,55.80522969,37.44374317,162.32
1513.44,55.80522908,37.44372726,162.30
1514.44,55.80522847,37.44371135,162.28
1515.44,55.80522787,37.44369544,162.26
1516.44,55.80522726,37.44367953,162.24
1517.44,55.80522665,37.44366361,162.22
1518.44,55.80522604,37.44364770,162.20
1519.45,55.80522543,37.44363179,162.18
1520.45,55.80522482,37.44361588,162.16
1521.45,55.80522421,37.44359997,162.13
1522.45,55.80522360,37.44358406,162.11
1523.45,55.80522299,37.44356815,162.09
1524.46,55.80522238,37.44355224,162.07
1525.46,55.80522178,37.44353633,162.05
1526.46,55.80522118,37.44352042,162.03
1527.46,55.80522057,37.44350451,162.00
1528.46,55.80521996,37.44348860,161.98
1529.47,55.80521935,37.44347269,161.96
1530.47,55.80521876,37.44345678,161.94
1531.47,55.80521817,37.44344087,161.92
1532.47,55.80521757,37.44342496,161.90
1533.47,55.80521697,37.44340904,161.88
1534.48,55.80521639,37.44339313,161.86
1535.48,55.80521581,37.44337722,161.83
1536.48,55.80521523,37.44336130,161.81
1537.48,55.80521465,37.44334539,161.79
1538.48,55.80521406,37.44332948,161.77
1539.49,55.80521347,37.44331356,161.75
1540.49,55.80521287,37.44329765,161.73
1541.49,55.80521227,37.44328174,161.71
1542.49,55.80521165,37.44326583,161.68
1543.49,55.80521102,37.44324993,161.66
1544.50,55.80521039,37.44323402,161.64
1545.50,55.80520975,37.44321811,161.62
1546.50,55.80520911,37.44320221,161.60
1547.50,55.80520847,37.44318630,161.57
1548.50,55.80520784,37.44317039,161.55
1549.51,55.80520722,37.44315448,161.53
1550.51,55.80520661,37.44313857,161.50
1551.51,55.80520602,37.44312266,161.48
1552.51,55.80520542,37.44310675,161.46
1553.51,55.80520483,37.44309084,161.43
1554.52,55.80520423,37.44307492,161.41
1555.52,55.80520363,37.44305901,161.39
1556.52,55.80520302,37.44304310,161.36
1557.52,55.80520242,37.44302719,161.34
1558.53,55.80520180,37.44301128,161.31
1559.53,55.80520120,37.44299537,161.29
1560.53,55.80520059,37.44297946,161.26
1561.53,55.80519998,37.44296355,161.24
1562.53,55.80519937,37.44294764,161.21
1563.54,55.80519877,37.44293173,161.18
1564.54,55.80519815,37.44291582,161.16
1565.54,55.80519753,37.44289991,161.13
1566.54,55.80519692,37.44288400,161.11
1567.54,55.80519630,37.44286809,161.08
1568.55,55.80519567,37.44285219,161.06
1569.55,55.80519505,37.44283628,161.03
1570.55,55.80519443,37.44282037,161.00
1571.55,55.80519381,37.44280446,160.98
1572.55,55.80519319,37.44278855,160.95
1573.56,55.80519258,37.44277264,160.92
1574.56,55.80519196,37.44275673,160.90
1575.56,55.80519136,37.44274082,160.87
1576.56,55.80519075,37.44272491,160.85
1577.56,55.80519014,37.44270900,160.82
1578.57,55.80518954,37.44269309,160.79
1579.57,55.80518893,37.44267718,160.77
1580.57,55.80518832,37.44266127,160.74
1581.57,55.80518771,37.44264536,160.71
1582.57,55.80518710,37.44262945,160.68
1583.58,55.80518649,37.44261354,160.65
1584.58,55.80518588,37.44259763,160.62
1585.58,55.80518528,37.44258172,160.59
1586.58,55.80518466,37.44256581,160.57
1587.58,55.80518404,37.44254990,160.54
1588.59,55.80518343,37.44253399,160.51
1589.59,55.80518281,37.44251808,160.48
1590.59,55.80518220,37.44250217,160.45
1591.59,55.80518158,37.44248626,160.43
1592.59,55.80518097,37.44247035,160.40
1593.60,55.80518038,37.44245444,160.37
1594.60,55.80517978,37.44243853,160.34
1595.59,55.80517918,37.44242262,160.31
1596.59,55.80517858,37.44240671,160.28
1597.59,55.80517798,37.44239080,160.25
1598.59,55.80517737,37.44237488,160.23
1599.59,55.80517676,37.44235898,160.20
1600.59,55.80517614,37.44234307,160.17
1601.59,55.80517552,37.44232716,160.14
1602.59,55.80517490,37.44231125,160.11
1603.59,55.80517429,37.44229534,160.08
1604.59,55.80517367,37.44227943,160.05
1605.59,55.80517307,37.44226352,160.02
1606.59,55.80517247,37.44224761,159.99
1607.59,55.80517187,37.44223170,159.96
1608.59,55.80517126,37.44221579,159.93
1609.59,55.80517065,37.44219988,159.90
1610.59,55.80517004,37.44218397,159.87
1611.59,55.80516942,37.44216806,159.84
1612.58,55.80516880,37.44215215,159.80
1613.58,55.80516818,37.44213624,159.77
1614.58,55.80516757,37.44212033,159.73
1615.58,55.80516697,37.44210442,159.70
1616.58,55.80516637,37.44208851,159.67
1617.58,55.80516578,37.44207260,159.64
1618.58,55.80516518,37.44205668,159.60
1619.58,55.80516458,37.44204077,159.58
1620.58,55.80516397,37.44202486,159.54
1621.58,55.80516335,37.44200895,159.50
1622.58,55.80516274,37.44199304,159.46
1623.58,55.80516212,37.44197713,159.43
1624.58,55.80516151,37.44196123,159.40
1625.58,55.80516089,37.44194532,159.36
1626.58,55.80516028,37.44192941,159.33
1627.58,55.80515967,37.44191350,159.29
1628.58,55.80515906,37.44189759,159.26
1629.58,55.80515845,37.44188168,159.22
1630.57,55.80515783,37.44186577,159.19
1631.57,55.80515722,37.44184986,159.15
1632.57,55.80515660,37.44183395,159.12
1633.57,55.80515597,37.44181804,159.08
1634.57,55.80515535,37.44180213,159.05
1635.57,55.80515472,37.44178622,159.01
1636.57,55.80515410,37.44177032,158.98
1637.57,55.80515347,37.44175441,158.94
1638.57,55.80515284,37.44173850,158.91
1639.57,55.80515221,37.44172259,158.87
1640.57,55.80515159,37.44170668,158.83
1641.57,55.80515098,37.44169077,158.80
1642.57,55.80515036,37.44167486,158.77
1643.57,55.80514975,37.44165896,158.73
1644.57,55.80514913,37.44164305,158.70
1645.57,55.80514851,37.44162714,158.66
1646.57,55.80514789,37.44161123,158.63
1647.56,55.80514726,37.44159532,158.59
1648.56,55.80514662,37.44157941,158.56
1649.56,55.80514599,37.44156351,158.52
1650.56,55.80514537,37.44154760,158.49
1651.56,55.80514476,37.44153169,158.45
1652.56,55.80514415,37.44151578,158.42
1653.56,55.80514355,37.44149987,158.38
1654.56,55.80514295,37.44148396,158.35
1655.57,55.80514235,37.44146804,158.30
1656.57,55.80514174,37.44145213,158.27
1657.57,55.80514111,37.44143623,158.23
1658.58,55.80514047,37.44142032,158.20
1659.58,55.80513981,37.44140442,158.16
1660.58,55.80513914,37.44138851,158.12
1661.58,55.80513847,37.44137261,158.09
1662.59,55.80513779,37.44135671,158.05
1663.59,55.80513712,37.44134081,158.01
1664.59,55.80513646,37.44132491,157.98
1665.60,55.80513582,37.44130900,157.94
1666.60,55.80513518,37.44129309,157.90
1667.60,55.80513456,37.44127718,157.87
1668.61,55.80513394,37.44126128,157.83
1669.61,55.80513332,37.44124537,157.79
1670.61,55.80513270,37.44122946,157.75
1671.61,55.80513206,37.44121355,157.72
1672.62,55.80513143,37.44119764,157.68
1673.62,55.80513079,37.44118174,157.65
1674.63,55.80513016,37.44116583,157.61
1675.63,55.80512952,37.44114992,157.57
1676.64,55.80512889,37.44113402,157.54
1677.64,55.80512825,37.44111811,157.50
1678.65,55.80512761,37.44110220,157.46
1679.66,55.80512697,37.44108630,157.42
1680.66,55.80512633,37.44107039,157.38
1681.67,55.80512568,37.44105449,157.34
1682.68,55.80512503,37.44103858,157.30
1683.68,55.80512438,37.44102268,157.27
1684.69,55.80512373,37.44100677,157.23
1685.69,55.80512309,37.44099087,157.19
1686.70,55.80512244,37.44097496,157.15
1687.71,55.80512180,37.44095905,157.11
1688.71,55.80512116,37.44094315,157.07
1689.72,55.80512052,37.44092724,157.03
1690.73,55.80511989,37.44091133,156.99
1691.73,55.80511926,37.44089543,156.95
1692.74,55.80511863,37.44087952,156.91
1693.74,55.80511800,37.44086361,156.87
1694.75,55.80511738,37.44084770,156.83
1695.76,55.80511676,37.44083179,156.79
1696.76,55.80511613,37.44081589,156.75
1697.77,55.80511551,37.44079998,156.71
1698.77,55.80511490,37.44078407,156.67
1699.78,55.80511429,37.44076816,156.63
1700.79,55.80511368,37.44075225,156.59
1701.79,55.80511307,37.44073634,156.55
1702.80,55.80511246,37.44072043,156.51
1703.81,55.80511185,37.44070452,156.46
1704.81,55.80511122,37.44068861,156.42
1705.82,55.80511059,37.44067270,156.38
1706.82,55.80510995,37.44065679,156.33
1707.83,55.80510933,37.44064089,156.29
1708.84,55.80510873,37.44062498,156.25
1709.84,55.80510815,37.44060906,156.20
1710.85,55.80510760,37.44059314,156.16
1711.86,55.80510708,37.44057723,156.11
1712.86,55.80510656,37.44056131,156.07
1713.87,55.80510602,37.44054539,156.03
1714.87,55.80510544,37.44052947,155.99
1715.88,55.80510480,37.44051357,155.95
1716.88,55.80510406,37.44049768,155.92
1717.88,55.80510320,37.44048180,155.88
1718.89,55.80510219,37.44046596,155.84
1719.89,55.80510102,37.44045015,155.80
1720.89,55.80509967,37.44043438,155.77
1721.90,55.80509816,37.44041866,155.73
1722.90,55.80509648,37.44040300,155.70
1723.91,55.80509463,37.44038739,155.66
1724.91,55.80509265,37.44037184,155.63
1725.91,55.80509055,37.44035633,155.59
1726.92,55.80508835,37.44034087,155.56
1727.92,55.80508608,37.44032544,155.53
1728.92,55.80508375,37.44031004,155.50
1729.93,55.80508136,37.44029467,155.46
1730.93,55.80507894,37.44027931,155.43
1731.94,55.80507649,37.44026397,155.40
1732.94,55.80507404,37.44024863,155.36
1733.94,55.80507160,37.44023328,155.33
1734.95,55.80506921,37.44021791,155.29
1735.95,55.80506689,37.44020250,155.25
1736.95,55.80506468,37.44018705,155.22
1737.95,55.80506258,37.44017154,155.18
1738.95,55.80506062,37.44015598,155.14
1739.95,55.80505882,37.44014036,155.10
1740.96,55.80505718,37.44012468,155.06
1741.96,55.80505571,37.44010895,155.02
1742.96,55.80505441,37.44009317,154.98
1743.96,55.80505326,37.44007735,154.94
1744.96,55.80505227,37.44006150,154.90
1745.97,55.80505141,37.44004563,154.86
1746.97,55.80505065,37.44002974,154.82
1747.97,55.80504996,37.44001384,154.78
1748.97,55.80504933,37.43999793,154.74
1749.97,55.80504874,37.43998202,154.70
1750.97,55.80504816,37.43996611,154.66
1751.98,55.80504760,37.43995019,154.63
1752.98,55.80504705,37.43993427,154.59
1753.98,55.80504652,37.43991836,154.56
1754.98,55.80504598,37.43990244,154.52
1755.98,55.80504545,37.43988652,154.49
1756.98,55.80504491,37.43987060,154.46
1757.98,55.80504436,37.43985468,154.42
1758.99,55.80504380,37.43983877,154.39
1759.99,55.80504324,37.43982285,154.36
1760.99,55.80504267,37.43980694,154.33
1761.99,55.80504210,37.43979102,154.30
1762.99,55.80504154,37.43977511,154.27
1763.99,55.80504099,37.43975919,154.24
1764.99,55.80504044,37.43974327,154.21
1765.99,55.80503990,37.43972736,154.18
1766.99,55.80503936,37.43971144,154.15
1767.99,55.80503882,37.43969552,154.12
1769.00,55.80503828,37.43967960,154.09
1770.00,55.80503773,37.43966368,154.06
1771.00,55.80503717,37.43964777,154.03
1772.00,55.80503662,37.43963185,154.00
1773.00,55.80503607,37.43961594,153.97
1774.00,55.80503552,37.43960002,153.94
1775.00,55.80503497,37.43958410,153.91
1776.00,55.80503443,37.43956818,153.88
1777.00,55.80503389,37.43955226,153.85
1778.00,55.80503336,37.43953635,153.81
1779.00,55.80503284,37.43952043,153.78
1780.00,55.80503231,37.43950451,153.75
1780.99,55.80503179,37.43948859,153.72
1781.99,55.80503127,37.43947267,153.69
1782.99,55.80503075,37.43945675,153.66
1783.99,55.80503023,37.43944083,153.63
1784.99,55.80502970,37.43942491,153.59
1785.99,55.80502917,37.43940899,153.56
1786.99,55.80502864,37.43939307,153.53
1787.99,55.80502811,37.43937715,153.50
1788.99,55.80502757,37.43936123,153.46
1789.99,55.80502705,37.43934531,153.43
1790.99,55.80502653,37.43932939,153.39
1791.99,55.80502602,37.43931347,153.36
1792.98,55.80502552,37.43929755,153.32
1793.98,55.80502503,37.43928163,153.29
1794.98,55.80502456,37.43926570,153.25
1795.98,55.80502409,37.43924978,153.22
1796.98,55.80502363,37.43923385,153.18
1797.98,55.80502316,37.43921793,153.15
1798.98,55.80502269,37.43920200,153.11
1799.97,55.80502221,37.43918608,153.08
1800.97,55.80502173,37.43917015,153.04
1801.97,55.80502123,37.43915423,153.01
1802.97,55.80502071,37.43913831,152.97
1803.97,55.80502019,37.43912239,152.94
1804.97,55.80501966,37.43910647,152.90
1805.96,55.80501912,37.43909055,152.87
1806.96,55.80501858,37.43907464,152.83
1807.96,55.80501804,37.43905872,152.80
1808.96,55.80501750,37.43904280,152.76
1809.96,55.80501696,37.43902688,152.73
1810.96,55.80501642,37.43901096,152.69
1811.95,55.80501589,37.43899504,152.66
1812.95,55.80501537,37.43897912,152.62
1813.95,55.80501484,37.43896320,152.59
1814.95,55.80501433,37.43894728,152.55
1815.95,55.80501382,37.43893136,152.52
1816.95,55.80501332,37.43891544,152.48
1817.94,55.80501283,37.43889952,152.45
1818.94,55.80501235,37.43888359,152.41
1819.94,55.80501188,37.43886767,152.37
1820.94,55.80501140,37.43885174,152.34
1821.94,55.80501091,37.43883582,152.30
1822.94,55.80501041,37.43881990,152.26
1823.93,55.80500990,37.43880398,152.22
1824.93,55.80500938,37.43878806,152.19
1825.93,55.80500885,37.43877214,152.15
1826.93,55.80500831,37.43875622,152.11
1827.93,55.80500778,37.43874030,152.08
1828.93,55.80500726,37.43872438,152.04
1829.93,55.80500676,37.43870846,152.00
1830.92,55.80500626,37.43869254,151.97
1831.92,55.80500576,37.43867662,151.93
1832.92,55.80500525,37.43866069,151.90
1833.92,55.80500474,37.43864477,151.86
1834.92,55.80500422,37.43862885,151.83
1835.91,55.80500368,37.43861294,151.79
1836.91,55.80500313,37.43859702,151.76
1837.91,55.80500256,37.43858110,151.72
1838.90,55.80500199,37.43856519,151.69
1839.90,55.80500142,37.43854927,151.65
1840.90,55.80500086,37.43853336,151.62
1841.89,55.80500030,37.43851744,151.58
1842.89,55.80499975,37.43850153,151.55
1843.89,55.80499922,37.43848561,151.52
1844.89,55.80499869,37.43846969,151.48
1845.88,55.80499818,37.43845377,151.45
1846.88,55.80499767,37.43843785,151.42
1847.88,55.80499717,37.43842192,151.38
1848.87,55.80499667,37.43840600,151.35
1849.87,55.80499617,37.43839008,151.32
1850.87,55.80499565,37.43837416,151.28
1851.86,55.80499513,37.43835824,151.25
1852.86,55.80499459,37.43834232,151.22
1853.86,55.80499403,37.43832641,151.18
1854.85,55.80499346,37.43831049,151.15
1855.85,55.80499288,37.43829458,151.11
1856.85,55.80499230,37.43827867,151.08
1857.84,55.80499172,37.43826275,151.05
1858.84,55.80499116,37.43824683,151.01
1859.83,55.80499062,37.43823092,150.98
1860.83,55.80499010,37.43821500,150.95
1861.82,55.80498960,37.43819907,150.92
1862.82,55.80498911,37.43818315,150.88
1863.81,55.80498863,37.43816723,150.85
1864.81,55.80498816,37.43815130,150.82
1865.81,55.80498768,37.43813538,150.79
1866.80,55.80498719,37.43811946,150.76
1867.80,55.80498669,37.43810353,150.72
1868.79,55.80498619,37.43808761,150.69
1869.79,55.80498567,37.43807169,150.66
1870.78,55.80498514,37.43805577,150.63
1871.78,55.80498460,37.43803985,150.60
1872.77,55.80498405,37.43802394,150.57
1873.77,55.80498350,37.43800802,150.54
1874.77,55.80498293,37.43799211,150.51
1875.76,55.80498237,37.43797619,150.48
1876.76,55.80498182,37.43796027,150.45
1877.75,55.80498128,37.43794436,150.42
1878.75,55.80498075,37.43792844,150.39
1879.74,55.80498023,37.43791252,150.36
1880.74,55.80497972,37.43789660,150.33
1881.73,55.80497921,37.43788067,150.30
1882.73,55.80497870,37.43786475,150.27
1883.73,55.80497818,37.43784883,150.24
1884.72,55.80497764,37.43783291,150.20
1885.72,55.80497710,37.43781700,150.17
1886.71,55.80497655,37.43780108,150.14
1887.71,55.80497599,37.43778516,150.11
1888.70,55.80497543,37.43776925,150.08
1889.70,55.80497487,37.43775333,150.05
1890.69,55.80497431,37.43773742,150.01
1891.69,55.80497377,37.43772150,149.98
1892.69,55.80497323,37.43770558,149.95
1893.68,55.80497270,37.43768966,149.91
1894.68,55.80497219,37.43767374,149.88
1895.68,55.80497167,37.43765782,149.85
1896.68,55.80497116,37.43764190,149.81
1897.68,55.80497064,37.43762598,149.78
1898.69,55.80497011,37.43761006,149.75
1899.69,55.80496959,37.43759414,149.71
1900.69,55.80496905,37.43757822,149.68
1901.69,55.80496852,37.43756230,149.65
1902.69,55.80496798,37.43754639,149.61
1903.69,55.80496745,37.43753047,149.58
1904.69,55.80496692,37.43751455,149.55
1905.69,55.80496639,37.43749863,149.52
1906.69,55.80496586,37.43748271,149.49
1907.69,55.80496532,37.43746679,149.46
1908.69,55.80496478,37.43745087,149.43
1909.69,55.80496424,37.43743496,149.40
1910.69,55.80496369,37.43741904,149.37
1911.69,55.80496314,37.43740312,149.34
1912.70,55.80496259,37.43738720,149.31
1913.70,55.80496204,37.43737129,149.28
1914.70,55.80496149,37.43735537,149.25
1915.70,55.80496094,37.43733945,149.22
1916.70,55.80496039,37.43732354,149.19
1917.70,55.80495985,37.43730762,149.17
1918.70,55.80495931,37.43729170,149.14
1919.70,55.80495878,37.43727578,149.11
1920.70,55.80495825,37.43725986,149.08
1921.70,55.80495773,37.43724394,149.05
1922.70,55.80495722,37.43722802,149.03
1923.70,55.80495670,37.43721210,149.00
1924.70,55.80495619,37.43719618,148.97
1925.70,55.80495568,37.43718026,148.94
1926.71,55.80495516,37.43716434,148.92
1927.71,55.80495464,37.43714842,148.89
1928.71,55.80495412,37.43713250,148.86
1929.71,55.80495359,37.43711658,148.84
1930.71,55.80495306,37.43710066,148.81
1931.71,55.80495252,37.43708474,148.79
1932.71,55.80495199,37.43706882,148.77
1933.71,55.80495146,37.43705291,148.74
1934.71,55.80495093,37.43703699,148.72
1935.71,55.80495041,37.43702107,148.69
1936.71,55.80494989,37.43700515,148.67
1937.71,55.80494937,37.43698923,148.65
1938.71,55.80494885,37.43697331,148.62
1939.71,55.80494832,37.43695739,148.60
1940.71,55.80494779,37.43694147,148.57
1941.70,55.80494725,37.43692555,148.55
1942.70,55.80494669,37.43690963,148.53
1943.70,55.80494614,37.43689372,148.51
1944.70,55.80494558,37.43687780,148.48
1945.70,55.80494503,37.43686188,148.46
1946.70,55.80494450,37.43684597,148.44
1947.70,55.80494398,37.43683005,148.42
1948.70,55.80494348,37.43681412,148.40
1949.70,55.80494299,37.43679820,148.37
1950.70,55.80494251,37.43678228,148.35
1951.70,55.80494201,37.43676635,148.33
1952.70,55.80494151,37.43675043,148.31
1953.70,55.80494099,37.43673451,148.29
1954.69,55.80494044,37.43671859,148.27
1955.69,55.80493988,37.43670268,148.25
1956.69,55.80493930,37.43668677,148.23
1957.68,55.80493871,37.43667085,148.21
1958.68,55.80493812,37.43665494,148.20
1959.68,55.80493754,37.43663903,148.18
1960.67,55.80493696,37.43662311,148.17
1961.67,55.80493639,37.43660720,148.15
1962.67,55.80493584,37.43659128,148.14
1963.66,55.80493530,37.43657536,148.13
1964.66,55.80493477,37.43655945,148.11
1965.66,55.80493423,37.43654353,148.10
1966.66,55.80493369,37.43652761,148.09
1967.65,55.80493315,37.43651169,148.08
1968.65,55.80493261,37.43649577,148.07
1969.65,55.80493207,37.43647985,148.06
1970.64,55.80493154,37.43646394,148.05
1971.64,55.80493101,37.43644802,148.04
1972.64,55.80493050,37.43643210,148.03
1973.63,55.80493001,37.43641617,148.02
1974.63,55.80492952,37.43640025,148.02
1975.63,55.80492902,37.43638433,148.01
1976.63,55.80492852,37.43636841,148.00
1977.62,55.80492800,37.43635249,147.99
1978.62,55.80492745,37.43633657,147.98
1979.62,55.80492689,37.43632065,147.97
1980.62,55.80492631,37.43630474,147.97
1981.62,55.80492571,37.43628883,147.96
1982.61,55.80492511,37.43627292,147.95
1983.61,55.80492451,37.43625700,147.94
1984.61,55.80492391,37.43624109,147.94
1985.61,55.80492332,37.43622518,147.93
1986.61,55.80492273,37.43620927,147.92
1987.60,55.80492215,37.43619335,147.91
1988.60,55.80492157,37.43617744,147.91
1989.60,55.80492099,37.43616153,147.90
1990.60,55.80492040,37.43614561,147.89
1991.59,55.80491981,37.43612970,147.89
1992.59,55.80491920,37.43611379,147.88
1993.59,55.80491858,37.43609788,147.88
1994.59,55.80491795,37.43608198,147.88
1995.59,55.80491732,37.43606607,147.87
1996.58,55.80491667,37.43605016,147.87
1997.58,55.80491601,37.43603426,147.87
1998.58,55.80491534,37.43601836,147.87
1999.58,55.80491468,37.43600245,147.87
2000.57,55.80491400,37.43598655,147.87
2001.57,55.80491334,37.43597065,147.86
2002.57,55.80491267,37.43595475,147.86
2003.57,55.80491203,37.43593884,147.86
2004.57,55.80491140,37.43592293,147.86
2005.56,55.80491078,37.43590702,147.86
2006.56,55.80491018,37.43589111,147.86
2007.56,55.80490959,37.43587520,147.86
2008.56,55.80490899,37.43585929,147.86
2009.56,55.80490837,37.43584338,147.87
2010.55,55.80490774,37.43582747,147.87
2011.55,55.80490707,37.43581157,147.87
2012.55,55.80490637,37.43579567,147.87
2013.55,55.80490564,37.43577978,147.87
2014.55,55.80490488,37.43576389,147.87
2015.55,55.80490410,37.43574800,147.87
2016.55,55.80490330,37.43573212,147.88
2017.54,55.80490246,37.43571624,147.88
2018.54,55.80490161,37.43570037,147.88
2019.54,55.80490072,37.43568450,147.88
2020.54,55.80489979,37.43566863,147.88
2021.54,55.80489884,37.43565278,147.88
2022.54,55.80489785,37.43563693,147.88
2023.54,55.80489684,37.43562108,147.88
2024.54,55.80489582,37.43560524,147.88
2025.54,55.80489479,37.43558940,147.88
2026.54,55.80489375,37.43557356,147.88
2027.54,55.80489273,37.43555771,147.89
2028.54,55.80489171,37.43554187,147.89
2029.54,55.80489070,37.43552602,147.89
2030.54,55.80488970,37.43551018,147.89
2031.54,55.80488869,37.43549433,147.89
2032.54,55.80488766,37.43547849,147.89
2033.54,55.80488661,37.43546265,147.89
2034.54,55.80488550,37.43544683,147.89
2035.54,55.80488435,37.43543101,147.90
2036.54,55.80488316,37.43541521,147.90
2037.54,55.80488192,37.43539941,147.90
2038.54,55.80488064,37.43538363,147.90
2039.54,55.80487935,37.43536785,147.90
2040.54,55.80487804,37.43535207,147.90
2041.54,55.80487673,37.43533629,147.91
2042.54,55.80487543,37.43532051,147.91
2043.54,55.80487413,37.43530474,147.91
2044.53,55.80487282,37.43528896,147.91
2045.53,55.80487152,37.43527318,147.91
2046.53,55.80487020,37.43525741,147.92
2047.53,55.80486887,37.43524164,147.92
2048.53,55.80486752,37.43522587,147.92
2049.53,55.80486615,37.43521011,147.92
2050.53,55.80486478,37.43519435,147.93
2051.53,55.80486340,37.43517859,147.93
2052.53,55.80486200,37.43516284,147.94
2053.53,55.80486060,37.43514709,147.94
2054.53,55.80485917,37.43513134,147.94
2055.53,55.80485770,37.43511561,147.95
2056.53,55.80485620,37.43509989,147.95
2057.53,55.80485464,37.43508419,147.96
2058.53,55.80485303,37.43506850,147.96
2059.53,55.80485137,37.43505283,147.97
2060.53,55.80484967,37.43503717,147.98
2061.53,55.80484794,37.43502152,147.98
2062.53,55.80484619,37.43500587,147.99
2063.53,55.80484445,37.43499023,147.99
2064.53,55.80484271,37.43497459,148.00
2065.53,55.80484097,37.43495894,148.00
2066.53,55.80483925,37.43494329,148.01
2067.53,55.80483752,37.43492764,148.02
2068.53,55.80483579,37.43491199,148.02
2069.53,55.80483406,37.43489635,148.03
2070.53,55.80483231,37.43488070,148.04
2071.52,55.80483055,37.43486507,148.04
2072.52,55.80482876,37.43484944,148.05
2073.52,55.80482695,37.43483382,148.06
2074.53,55.80482511,37.43481821,148.06
2075.53,55.80482325,37.43480261,148.07
2076.53,55.80482136,37.43478702,148.08
2077.53,55.80481944,37.43477144,148.08
2078.53,55.80481751,37.43475587,148.09
2079.53,55.80481555,37.43474031,148.09
2080.54,55.80481358,37.43472475,148.10
2081.54,55.80481160,37.43470919,148.11
2082.54,55.80480961,37.43469364,148.11
2083.54,55.80480761,37.43467809,148.12
2084.54,55.80480561,37.43466255,148.13
2085.55,55.80480361,37.43464700,148.14
2086.55,55.80480160,37.43463146,148.14
2087.55,55.80479959,37.43461592,148.15
2088.55,55.80479757,37.43460038,148.16
2089.55,55.80479555,37.43458484,148.16
2090.55,55.80479352,37.43456931,148.17
2091.56,55.80479148,37.43455378,148.18
2092.56,55.80478942,37.43453825,148.18
2093.56,55.80478735,37.43452274,148.19
2094.56,55.80478525,37.43450723,148.19
2095.56,55.80478311,37.43449174,148.20
2096.57,55.80478094,37.43447627,148.21
2097.57,55.80477873,37.43446081,148.21
2098.57,55.80477649,37.43444537,148.22
2099.57,55.80477423,37.43442993,148.22
2100.57,55.80477196,37.43441451,148.23
2101.57,55.80476969,37.43439908,148.24
2102.58,55.80476741,37.43438365,148.25
2103.58,55.80476513,37.43436823,148.25
2104.58,55.80476284,37.43435281,148.26
2105.58,55.80476053,37.43433740,148.27
2106.58,55.80475820,37.43432200,148.28
2107.59,55.80475584,37.43430661,148.29
2108.59,55.80475344,37.43429125,148.29
2109.59,55.80475101,37.43427589,148.30
2110.59,55.80474857,37.43426055,148.31
2111.59,55.80474612,37.43424521,148.32
2112.59,55.80474366,37.43422987,148.32
2113.60,55.80474122,37.43421452,148.33
2114.59,55.80473879,37.43419917,148.34
2115.59,55.80473639,37.43418380,148.34
2116.58,55.80473401,37.43416843,148.35
2117.58,55.80473164,37.43415304,148.36
2118.57,55.80472929,37.43413765,148.37
2119.57,55.80472695,37.43412225,148.37
2120.56,55.80472462,37.43410686,148.38
2121.56,55.80472228,37.43409146,148.38
2122.55,55.80471995,37.43407606,148.39
2123.55,55.80471761,37.43406066,148.39
2124.54,55.80471528,37.43404526,148.39
2125.54,55.80471294,37.43402986,148.40
2126.53,55.80471060,37.43401447,148.40
2127.53,55.80470825,37.43399908,148.40
2128.52,55.80470589,37.43398369,148.40
2129.52,55.80470351,37.43396831,148.41
2130.51,55.80470111,37.43395295,148.41
2131.51,55.80469869,37.43393759,148.41
2132.50,55.80469625,37.43392224,148.41
2133.50,55.80469381,37.43390690,148.42
2134.49,55.80469137,37.43389155,148.42
2135.49,55.80468896,37.43387619,148.42
2136.48,55.80468656,37.43386082,148.42
2137.48,55.80468419,37.43384544,148.42
2138.47,55.80468184,37.43383005,148.43
2139.47,55.80467949,37.43381465,148.43
2140.46,55.80467715,37.43379926,148.43
2141.45,55.80467479,37.43378388,148.44
2142.45,55.80467240,37.43376850,148.44
2143.44,55.80466999,37.43375314,148.44
2144.44,55.80466757,37.43373778,148.45
2145.43,55.80466514,37.43372243,148.45
2146.43,55.80466272,37.43370707,148.46
2147.42,55.80466032,37.43369170,148.46
2148.42,55.80465795,37.43367632,148.47
2149.41,55.80465560,37.43366093,148.47
2150.41,55.80465327,37.43364553,148.48
2151.40,55.80465094,37.43363013,148.48
2152.40,55.80464860,37.43361474,148.49
2153.39,55.80464624,37.43359935,148.49
2154.38,55.80464386,37.43358397,148.50
2155.37,55.80464145,37.43356861,148.50
2156.36,55.80463903,37.43355325,148.51
2157.36,55.80463660,37.43353790,148.51
2158.35,55.80463417,37.43352255,148.52
2159.34,55.80463177,37.43350718,148.52
2160.33,55.80462938,37.43349181,148.53
2161.32,55.80462702,37.43347642,148.53
2162.31,55.80462468,37.43346103,148.54
2163.30,55.80462235,37.43344563,148.54
2164.29,55.80462003,37.43343022,148.55
2165.28,55.80461769,37.43341483,148.55
2166.27,55.80461533,37.43339944,148.56
2167.26,55.80461295,37.43338406,148.57
2168.25,55.80461055,37.43336869,148.57
2169.24,55.80460814,37.43335334,148.58
2170.23,55.80460571,37.43333798,148.59
2171.22,55.80460328,37.43332263,148.59
2172.21,55.80460086,37.43330727,148.60
2173.20,55.80459845,37.43329191,148.61
2174.18,55.80459606,37.43327654,148.61
2175.17,55.80459367,37.43326117,148.62
2176.16,55.80459130,37.43324578,148.62
2177.14,55.80458894,37.43323040,148.63
2178.13,55.80458659,37.43321501,148.63
2179.12,55.80458424,37.43319962,148.64
2180.10,55.80458189,37.43318422,148.64
2181.09,55.80457953,37.43316884,148.65
2182.07,55.80457716,37.43315346,148.65
2183.06,55.80457477,37.43313809,148.66
2184.05,55.80457236,37.43312272,148.66
2185.03,55.80456995,37.43310736,148.67
2186.02,55.80456752,37.43309201,148.67
2187.01,55.80456510,37.43307665,148.67
2187.99,55.80456269,37.43306129,148.68
2188.98,55.80456028,37.43304593,148.68
2189.97,55.80455789,37.43303056,148.68
2190.95,55.80455552,37.43301518,148.69
2191.94,55.80455315,37.43299979,148.69
2192.93,55.80455078,37.43298441,148.69
2193.91,55.80454841,37.43296903,148.70
2194.90,55.80454602,37.43295366,148.70
2195.88,55.80454362,37.43293829,148.70
2196.87,55.80454121,37.43292293,148.71
2197.86,55.80453878,37.43290758,148.71
2198.84,55.80453637,37.43289222,148.71
2199.83,55.80453396,37.43287686,148.71
2200.82,55.80453157,37.43286148,148.71
2201.80,55.80452921,37.43284610,148.71
2202.79,55.80452687,37.43283070,148.72
2203.78,55.80452453,37.43281530,148.72
2204.76,55.80452220,37.43279991,148.72
2205.75,55.80451985,37.43278452,148.72
2206.73,55.80451747,37.43276914,148.73
2207.72,55.80451507,37.43275377,148.73
2208.71,55.80451263,37.43273842,148.73
2209.69,55.80451018,37.43272308,148.73
2210.68,55.80450774,37.43270774,148.73
2211.67,55.80450530,37.43269239,148.73
2212.65,55.80450288,37.43267703,148.73
2213.64,55.80450048,37.43266166,148.73
2214.63,55.80449812,37.43264628,148.73
2215.63,55.80449578,37.43263088,148.73
2216.62,55.80449345,37.43261548,148.73
2217.61,55.80449112,37.43260008,148.73
2218.60,55.80448878,37.43258468,148.73
2219.59,55.80448643,37.43256929,148.73
2220.58,55.80448406,37.43255391,148.72
2221.57,55.80448168,37.43253853,148.72
2222.56,55.80447931,37.43252315,148.72
2223.55,55.80447693,37.43250778,148.72
2224.54,55.80447455,37.43249240,148.72
2225.53,55.80447216,37.43247703,148.72
2226.53,55.80446977,37.43246165,148.72
2227.52,55.80446738,37.43244628,148.72
2228.51,55.80446497,37.43243092,148.72
2229.50,55.80446254,37.43241557,148.72
2230.49,55.80446011,37.43240022,148.72
2231.48,55.80445767,37.43238487,148.72
2232.47,55.80445525,37.43236951,148.72
2233.48,55.80445285,37.43235415,148.72
2234.49,55.80445047,37.43233877,148.71
2235.50,55.80444812,37.43232338,148.71
2236.51,55.80444577,37.43230799,148.71
2237.52,55.80444341,37.43229260,148.71
2238.53,55.80444104,37.43227722,148.71
2239.54,55.80443864,37.43226185,148.71
2240.55,55.80443622,37.43224650,148.71
2241.56,55.80443378,37.43223115,148.71
2242.57,55.80443132,37.43221581,148.71
2243.59,55.80442889,37.43220046,148.70
2244.60,55.80442648,37.43218510,148.70
2245.61,55.80442410,37.43216972,148.70
2246.62,55.80442174,37.43215433,148.70
2247.63,55.80441941,37.43213894,148.70
2248.64,55.80441707,37.43212354,148.69
2249.65,55.80441473,37.43210815,148.69
2250.66,55.80441236,37.43209276,148.69
2251.67,55.80440998,37.43207739,148.68
2252.68,55.80440758,37.43206202,148.68
2253.69,55.80440516,37.43204666,148.68
2254.70,55.80440274,37.43203130,148.67
2255.71,55.80440033,37.43201594,148.67
2256.72,55.80439794,37.43200057,148.67
2257.73,55.80439555,37.43198520,148.67
2258.74,55.80439318,37.43196982,148.66
2259.75,55.80439082,37.43195443,148.66
2260.76,55.80438846,37.43193905,148.66
2261.78,55.80438609,37.43192366,148.66
2262.79,55.80438370,37.43190829,148.65
2263.80,55.80438129,37.43189293,148.65
2264.81,55.80437887,37.43187758,148.65
2265.82,55.80437643,37.43186223,148.65
2266.83,55.80437400,37.43184688,148.64
2267.84,55.80437158,37.43183152,148.64
2268.85,55.80436918,37.43181615,148.64
2269.86,55.80436680,37.43180077,148.64
2270.87,55.80436445,37.43178538,148.63
2271.88,55.80436211,37.43176999,148.63
2272.89,55.80435978,37.43175459,148.63
2273.90,55.80435745,37.43173919,148.63
2274.92,55.80435510,37.43172380,148.62
2275.93,55.80435273,37.43170841,148.62
2276.94,55.80435035,37.43169304,148.62
2277.95,55.80434795,37.43167767,148.62
2278.96,55.80434555,37.43166230,148.61
2279.97,55.80434314,37.43164694,148.61
2280.98,55.80434074,37.43163157,148.61
2281.99,55.80433836,37.43161620,148.61
2283.00,55.80433598,37.43160082,148.60
2284.01,55.80433361,37.43158544,148.60
2285.02,55.80433124,37.43157006,148.59
2286.03,55.80432886,37.43155468,148.59
2287.04,55.80432649,37.43153930,148.59
2288.06,55.80432411,37.43152393,148.58
2289.07,55.80432172,37.43150855,148.58
2290.08,55.80431933,37.43149318,148.57
2291.09,55.80431695,37.43147780,148.57
2292.10,55.80431458,37.43146242,148.57
2293.11,55.80431221,37.43144704,148.56
2294.10,55.80430985,37.43143166,148.56
2295.10,55.80430749,37.43141627,148.56
2296.10,55.80430513,37.43140089,148.55
2297.09,55.80430275,37.43138551,148.55
2298.09,55.80430035,37.43137014,148.54
2299.08,55.80429794,37.43135478,148.54
2300.08,55.80429551,37.43133942,148.54
2301.07,55.80429308,37.43132408,148.53
2302.07,55.80429064,37.43130873,148.53
2303.06,55.80428821,37.43129337,148.53
2304.06,55.80428580,37.43127801,148.52
2305.05,55.80428341,37.43126264,148.52
2306.05,55.80428104,37.43124726,148.52
2307.05,55.80427869,37.43123187,148.52
2308.04,55.80427635,37.43121648,148.51
2309.04,55.80427401,37.43120108,148.51
2310.03,55.80427166,37.43118568,148.51
2311.03,55.80426931,37.43117029,148.51
2312.02,55.80426695,37.43115491,148.50
2313.02,55.80426458,37.43113953,148.50
2314.00,55.80426220,37.43112415,148.50
2314.99,55.80425981,37.43110878,148.49
2315.98,55.80425742,37.43109341,148.49
2316.96,55.80425503,37.43107803,148.49
2317.95,55.80425265,37.43106266,148.48
2318.94,55.80425026,37.43104729,148.48
2319.92,55.80424787,37.43103191,148.48
2320.91,55.80424548,37.43101654,148.47
2321.90,55.80424309,37.43100117,148.47
2322.88,55.80424069,37.43098581,148.47
2323.87,55.80423829,37.43097044,148.46
2324.85,55.80423588,37.43095508,148.46
2325.84,55.80423348,37.43093971,148.46
2326.83,55.80423109,37.43092434,148.45
2327.81,55.80422870,37.43090897,148.45
2328.80,55.80422632,37.43089359,148.45
2329.79,55.80422396,37.43087821,148.44
2330.77,55.80422160,37.43086282,148.44
2331.76,55.80421925,37.43084743,148.44
2332.75,55.80421690,37.43083204,148.43
2333.74,55.80421455,37.43081665,148.43
2334.74,55.80421219,37.43080126,148.42
2335.73,55.80420982,37.43078588,148.42
2336.73,55.80420745,37.43077050,148.42
2337.72,55.80420506,37.43075513,148.41
2338.72,55.80420266,37.43073976,148.41
2339.71,55.80420025,37.43072440,148.40
2340.71,55.80419784,37.43070903,148.40
2341.70,55.80419543,37.43069367,148.39
2342.70,55.80419303,37.43067831,148.39
2343.70,55.80419063,37.43066294,148.38
2344.69,55.80418825,37.43064757,148.38
2345.69,55.80418587,37.43063219,148.37
2346.68,55.80418350,37.43061681,148.36
2347.68,55.80418113,37.43060142,148.36
2348.67,55.80417876,37.43058604,148.35
2349.67,55.80417639,37.43057066,148.34
2350.66,55.80417401,37.43055528,148.34
2351.66,55.80417163,37.43053991,148.33
2352.65,55.80416924,37.43052454,148.32
2353.66,55.80416684,37.43050917,148.32
2354.66,55.80416445,37.43049380,148.31
2355.66,55.80416205,37.43047843,148.31
2356.66,55.80415966,37.43046306,148.30
2357.66,55.80415727,37.43044769,148.29
2358.67,55.80415488,37.43043232,148.29
2359.67,55.80415250,37.43041694,148.28
2360.67,55.80415013,37.43040156,148.28
2361.67,55.80414775,37.43038618,148.27
2362.67,55.80414536,37.43037081,148.27
2363.67,55.80414297,37.43035544,148.26
2364.68,55.80414057,37.43034007,148.26
2365.68,55.80413816,37.43032471,148.26
2366.68,55.80413574,37.43030935,148.25
2367.68,55.80413333,37.43029399,148.25
2368.68,55.80413092,37.43027863,148.25
2369.69,55.80412852,37.43026327,148.24
2370.69,55.80412613,37.43024789,148.24
2371.69,55.80412375,37.43023252,148.24
2372.69,55.80412138,37.43021714,148.23
2373.69,55.80411901,37.43020175,148.23
2374.69,55.80411663,37.43018638,148.22
2375.70,55.80411425,37.43017100,148.22
2376.70,55.80411187,37.43015562,148.22
2377.70,55.80410948,37.43014025,148.21
2378.70,55.80410708,37.43012489,148.21
2379.70,55.80410467,37.43010952,148.21
2380.71,55.80410227,37.43009416,148.20
2381.71,55.80409987,37.43007879,148.20
2382.71,55.80409747,37.43006342,148.19
2383.71,55.80409508,37.43004805,148.19
2384.71,55.80409269,37.43003268,148.18
2385.71,55.80409031,37.43001730,148.18
2386.72,55.80408794,37.43000193,148.17
2387.72,55.80408556,37.42998654,148.17
2388.72,55.80408319,37.42997116,148.17
2389.72,55.80408082,37.42995579,148.16
2390.72,55.80407844,37.42994041,148.16
2391.72,55.80407605,37.42992503,148.15
2392.73,55.80407366,37.42990966,148.15
2393.72,55.80407127,37.42989429,148.15
2394.72,55.80406886,37.42987893,148.14
2395.72,55.80406645,37.42986357,148.14
2396.72,55.80406404,37.42984821,148.13
2397.71,55.80406163,37.42983285,148.13
2398.71,55.80405921,37.42981749,148.13
2399.71,55.80405681,37.42980212,148.12
2400.71,55.80405441,37.42978675,148.12
2401.71,55.80405204,37.42977138,148.12
2402.70,55.80404967,37.42975599,148.11
2403.70,55.80404733,37.42974060,148.11
2404.70,55.80404499,37.42972520,148.11
2405.70,55.80404266,37.42970980,148.11
2406.69,55.80404032,37.42969440,148.10
2407.69,55.80403798,37.42967901,148.10
2408.69,55.80403561,37.42966363,148.10
2409.69,55.80403323,37.42964825,148.09
2410.68,55.80403083,37.42963288,148.09
2411.68,55.80402842,37.42961752,148.09
2412.68,55.80402600,37.42960217,148.08
2413.68,55.80402358,37.42958681,148.08
2414.67,55.80402117,37.42957145,148.08
2415.67,55.80401877,37.42955608,148.07
2416.67,55.80401639,37.42954071,148.07
2417.67,55.80401401,37.42952533,148.07
2418.67,55.80401163,37.42950995,148.07
2419.66,55.80400925,37.42949458,148.06
2420.66,55.80400686,37.42947920,148.06
2421.66,55.80400446,37.42946384,148.06
2422.66,55.80400204,37.42944848,148.06
2423.65,55.80399961,37.42943313,148.05
2424.65,55.80399717,37.42941778,148.05
2425.65,55.80399472,37.42940244,148.05
2426.65,55.80399227,37.42938710,148.05
2427.64,55.80398981,37.42937176,148.04
2428.64,55.80398737,37.42935642,148.04
2429.64,55.80398492,37.42934107,148.04
2430.64,55.80398249,37.42932572,148.04
2431.63,55.80398007,37.42931037,148.04
2432.63,55.80397765,37.42929501,148.04
2433.64,55.80397525,37.42927964,148.04
2434.64,55.80397285,37.42926427,148.03
2435.64,55.80397047,37.42924890,148.03
2436.65,55.80396808,37.42923352,148.03
2437.65,55.80396570,37.42921815,148.03
2438.65,55.80396332,37.42920277,148.03
2439.66,55.80396094,37.42918740,148.03
2440.66,55.80395854,37.42917203,148.02
2441.67,55.80395614,37.42915666,148.02
2442.67,55.80395373,37.42914130,148.02
2443.67,55.80395132,37.42912594,148.02
2444.68,55.80394891,37.42911058,148.02
2445.68,55.80394650,37.42909522,148.02
2446.68,55.80394410,37.42907985,148.02
2447.69,55.80394171,37.42906448,148.02
2448.69,55.80393932,37.42904911,148.02
2449.70,55.80393694,37.42903373,148.02
2450.70,55.80393457,37.42901835,148.02
2451.70,55.80393219,37.42900297,148.02
2452.71,55.80392982,37.42898759,148.02
2453.71,55.80392743,37.42897222,148.02
2454.71,55.80392505,37.42895685,148.02
2455.72,55.80392265,37.42894148,148.02
2456.72,55.80392025,37.42892611,148.02
2457.73,55.80391784,37.42891075,148.02
2458.73,55.80391543,37.42889539,148.02
2459.73,55.80391303,37.42888002,148.02
2460.74,55.80391063,37.42886466,148.02
2461.74,55.80390824,37.42884928,148.02
2462.74,55.80390587,37.42883390,148.02
2463.75,55.80390351,37.42881852,148.03
2464.75,55.80390115,37.42880313,148.03
2465.76,55.80389880,37.42878774,148.03
2466.76,55.80389645,37.42877235,148.03
2467.76,55.80389410,37.42875696,148.03
2468.77,55.80389174,37.42874157,148.03
2469.77,55.80388937,37.42872619,148.03
2470.78,55.80388699,37.42871081,148.03
2471.78,55.80388460,37.42869544,148.03
2472.78,55.80388221,37.42868007,148.04
2473.79,55.80387982,37.42866470,148.04
2474.79,55.80387742,37.42864933,148.04
2475.79,55.80387503,37.42863396,148.04
2476.80,55.80387264,37.42861859,148.05
2477.80,55.80387025,37.42860322,148.05
2478.80,55.80386786,37.42858785,148.06
2479.81,55.80386547,37.42857247,148.06
2480.81,55.80386309,37.42855710,148.06
2481.81,55.80386070,37.42854173,148.07
2482.82,55.80385831,37.42852635,148.08
2483.82,55.80385592,37.42851098,148.08
2484.82,55.80385353,37.42849561,148.09
2485.83,55.80385113,37.42848024,148.09
2486.83,55.80384873,37.42846488,148.10
2487.84,55.80384634,37.42844951,148.11
2488.84,55.80384395,37.42843414,148.11
2489.84,55.80384158,37.42841876,148.12
2490.85,55.80383923,37.42840336,148.13
2491.85,55.80383690,37.42838796,148.14
2492.85,55.80383460,37.42837255,148.14
2493.86,55.80383232,37.42835713,148.15
2494.86,55.80383006,37.42834169,148.16
2495.86,55.80382782,37.42832625,148.17
2496.87,55.80382559,37.42831080,148.18
2497.87,55.80382337,37.42829535,148.19
2498.87,55.80382116,37.42827989,148.19
2499.88,55.80381897,37.42826443,148.20
2500.88,55.80381679,37.42824896,148.21
2501.88,55.80381463,37.42823348,148.22
2502.89,55.80381249,37.42821799,148.23
2503.89,55.80381038,37.42820249,148.24
2504.90,55.80380829,37.42818698,148.25
2505.90,55.80380623,37.42817146,148.25
2506.90,55.80380420,37.42815593,148.26
2507.91,55.80380218,37.42814039,148.27
2508.91,55.80380020,37.42812484,148.27
2509.91,55.80379823,37.42810928,148.28
2510.92,55.80379630,37.42809371,148.29
2511.92,55.80379438,37.42807813,148.29
2512.92,55.80379249,37.42806254,148.30
2513.93,55.80379062,37.42804694,148.31
2514.93,55.80378877,37.42803134,148.32
2515.93,55.80378695,37.42801572,148.32
2516.94,55.80378514,37.42800010,148.33
2517.94,55.80378335,37.42798447,148.34
2518.94,55.80378159,37.42796884,148.35
2519.95,55.80377985,37.42795319,148.35
2520.95,55.80377813,37.42793754,148.36
2521.96,55.80377646,37.42792187,148.37
2522.96,55.80377482,37.42790619,148.38
2523.96,55.80377324,37.42789050,148.39
2524.97,55.80377170,37.42787479,148.40
2525.97,55.80377022,37.42785906,148.41
2526.97,55.80376879,37.42784332,148.42
2527.98,55.80376742,37.42782756,148.43
2528.98,55.80376610,37.42781178,148.43
2529.98,55.80376483,37.42779600,148.44
2530.99,55.80376362,37.42778020,148.45
2531.99,55.80376245,37.42776439,148.46
2532.99,55.80376134,37.42774856,148.47
2533.99,55.80376028,37.42773273,148.47
2534.99,55.80375927,37.42771688,148.48
2535.99,55.80375831,37.42770103,148.48
2536.98,55.80375738,37.42768517,148.49
2537.98,55.80375648,37.42766930,148.49
2538.98,55.80375560,37.42765343,148.49
2539.97,55.80375475,37.42763755,148.49
2540.97,55.80375391,37.42762168,148.49
2541.97,55.80375310,37.42760580,148.49
2542.97,55.80375231,37.42758991,148.49
2543.96,55.80375156,37.42757402,148.49
2544.96,55.80375085,37.42755812,148.48
2545.96,55.80375019,37.42754222,148.48
2546.96,55.80374957,37.42752631,148.48
2547.95,55.80374900,37.42751040,148.47
2548.95,55.80374848,37.42749448,148.47
2549.95,55.80374800,37.42747856,148.47
2550.94,55.80374756,37.42746263,148.46
2551.94,55.80374716,37.42744670,148.46
2552.94,55.80374679,37.42743076,148.45
2553.94,55.80374646,37.42741483,148.45
2554.93,55.80374616,37.42739889,148.44
2555.93,55.80374591,37.42738295,148.44
2556.93,55.80374569,37.42736701,148.43
2557.93,55.80374552,37.42735107,148.43
2558.92,55.80374539,37.42733512,148.43
2559.92,55.80374529,37.42731918,148.42
2560.92,55.80374524,37.42730323,148.42
2561.91,55.80374522,37.42728728,148.41
2562.91,55.80374522,37.42727134,148.40
2563.91,55.80374524,37.42725539,148.40
2564.91,55.80374528,37.42723944,148.39
2565.90,55.80374532,37.42722350,148.39
2566.90,55.80374537,37.42720755,148.38
2567.90,55.80374544,37.42719161,148.38
2568.89,55.80374552,37.42717566,148.37
2569.89,55.80374562,37.42715972,148.36
2570.89,55.80374576,37.42714377,148.36
2571.89,55.80374593,37.42712783,148.35
2572.88,55.80374614,37.42711189,148.35
2573.88,55.80374638,37.42709594,148.34
2574.88,55.80374664,37.42708001,148.34
2575.88,55.80374693,37.42706407,148.33
2576.87,55.80374722,37.42704813,148.33
2577.87,55.80374751,37.42703219,148.33
2578.87,55.80374779,37.42701625,148.32
2579.86,55.80374806,37.42700031,148.32
2580.86,55.80374831,37.42698437,148.32
2581.86,55.80374855,37.42696843,148.31
2582.86,55.80374877,37.42695249,148.31
2583.85,55.80374899,37.42693655,148.31
2584.85,55.80374920,37.42692061,148.31
2585.85,55.80374941,37.42690466,148.30
2586.85,55.80374964,37.42688872,148.30
2587.84,55.80374988,37.42687278,148.30
2588.84,55.80375013,37.42685684,148.30
2589.84,55.80375040,37.42684090,148.30
2590.83,55.80375068,37.42682496,148.30
2591.83,55.80375097,37.42680903,148.30
2592.83,55.80375126,37.42679309,148.30
2593.82,55.80375156,37.42677715,148.30
2594.81,55.80375185,37.42676121,148.29
2595.79,55.80375213,37.42674527,148.29
2596.78,55.80375240,37.42672933,148.29
2597.77,55.80375266,37.42671340,148.29
2598.76,55.80375291,37.42669745,148.29
2599.75,55.80375314,37.42668151,148.29
2600.74,55.80375336,37.42666557,148.29
2601.73,55.80375359,37.42664963,148.29
2602.71,55.80375382,37.42663369,148.29
2603.70,55.80375406,37.42661775,148.29
2604.69,55.80375432,37.42660181,148.29
2605.68,55.80375458,37.42658587,148.29
2606.67,55.80375485,37.42656993,148.29
2607.66,55.80375513,37.42655399,148.29
2608.64,55.80375540,37.42653805,148.29
2609.63,55.80375567,37.42652211,148.29
2610.62,55.80375593,37.42650617,148.28
2611.61,55.80375618,37.42649023,148.28
2612.60,55.80375641,37.42647429,148.28
2613.59,55.80375664,37.42645835,148.28
2614.58,55.80375685,37.42644241,148.28
2615.56,55.80375705,37.42642647,148.28
2616.55,55.80375724,37.42641052,148.28
2617.54,55.80375742,37.42639458,148.28
2618.53,55.80375759,37.42637864,148.28
2619.52,55.80375776,37.42636269,148.28
2620.51,55.80375793,37.42634675,148.27
2621.49,55.80375812,37.42633081,148.27
2622.48,55.80375832,37.42631486,148.27
2623.47,55.80375853,37.42629892,148.27
2624.46,55.80375878,37.42628298,148.27
2625.45,55.80375904,37.42626704,148.26
2626.44,55.80375933,37.42625110,148.26
2627.43,55.80375963,37.42623517,148.26
2628.41,55.80375995,37.42621923,148.26
2629.40,55.80376028,37.42620329,148.26
2630.39,55.80376062,37.42618736,148.25
2631.38,55.80376095,37.42617142,148.25
2632.37,55.80376128,37.42615549,148.25
2633.36,55.80376159,37.42613955,148.25
2634.35,55.80376188,37.42612361,148.25
2635.35,55.80376216,37.42610767,148.25
2636.34,55.80376242,37.42609174,148.25
2637.33,55.80376268,37.42607580,148.25
2638.33,55.80376293,37.42605986,148.24
2639.32,55.80376320,37.42604392,148.24
2640.31,55.80376347,37.42602798,148.24
2641.31,55.80376377,37.42601204,148.24
2642.30,55.80376408,37.42599610,148.24
2643.29,55.80376441,37.42598017,148.24
2644.29,55.80376474,37.42596423,148.24
2645.28,55.80376507,37.42594829,148.24
2646.27,55.80376540,37.42593236,148.24
2647.26,55.80376572,37.42591642,148.24
2648.26,55.80376604,37.42590049,148.24
2649.25,55.80376636,37.42588455,148.24
2650.24,55.80376668,37.42586861,148.24
2651.24,55.80376700,37.42585268,148.23
2652.23,55.80376733,37.42583674,148.23
2653.22,55.80376766,37.42582081,148.23
2654.22,55.80376799,37.42580487,148.24
2655.21,55.80376830,37.42578893,148.24
2656.20,55.80376861,37.42577300,148.24
2657.20,55.80376892,37.42575706,148.24
2658.19,55.80376923,37.42574112,148.24
2659.19,55.80376954,37.42572519,148.23
2660.18,55.80376987,37.42570925,148.23
2661.17,55.80377023,37.42569332,148.23
2662.17,55.80377061,37.42567738,148.23
2663.16,55.80377102,37.42566146,148.24
2664.15,55.80377147,37.42564553,148.24
2665.15,55.80377195,37.42562960,148.24
2666.14,55.80377245,37.42561368,148.24
2667.13,55.80377297,37.42559776,148.24
2668.13,55.80377351,37.42558185,148.24
2669.12,55.80377406,37.42556593,148.24
2670.11,55.80377462,37.42555001,148.24
2671.11,55.80377520,37.42553410,148.24
2672.10,55.80377578,37.42551819,148.24
2673.10,55.80377637,37.42550228,148.24
2674.11,55.80377696,37.42548636,148.24
2675.11,55.80377756,37.42547045,148.24
2676.11,55.80377816,37.42545454,148.24
2677.12,55.80377877,37.42543863,148.24
2678.12,55.80377937,37.42542272,148.24
2679.12,55.80377998,37.42540681,148.24
2680.12,55.80378059,37.42539090,148.24
2681.13,55.80378120,37.42537499,148.24
2682.13,55.80378181,37.42535908,148.24
2683.13,55.80378243,37.42534318,148.24
2684.14,55.80378306,37.42532727,148.23
2685.14,55.80378369,37.42531136,148.23
2686.14,55.80378433,37.42529545,148.23
2687.14,55.80378497,37.42527955,148.23
2688.15,55.80378562,37.42526365,148.23
2689.15,55.80378627,37.42524774,148.23
2690.15,55.80378693,37.42523184,148.22
2691.16,55.80378758,37.42521593,148.22
2692.16,55.80378823,37.42520003,148.22
2693.15,55.80378887,37.42518412,148.22
2694.15,55.80378952,37.42516822,148.22
2695.14,55.80379017,37.42515231,148.21
2696.13,55.80379083,37.42513641,148.21
2697.13,55.80379149,37.42512051,148.21
2698.12,55.80379216,37.42510460,148.20
2699.11,55.80379285,37.42508870,148.20
2700.11,55.80379354,37.42507281,148.19
2701.10,55.80379424,37.42505691,148.19
2702.09,55.80379494,37.42504101,148.19
2703.09,55.80379564,37.42502511,148.18
2704.08,55.80379633,37.42500921,148.18
2705.08,55.80379701,37.42499331,148.17
2706.07,55.80379768,37.42497741,148.17
2707.06,55.80379836,37.42496151,148.16
2708.06,55.80379904,37.42494561,148.16
2709.05,55.80379973,37.42492971,148.15
2710.04,55.80380045,37.42491381,148.15
2711.04,55.80380118,37.42489792,148.15
2712.03,55.80380192,37.42488203,148.14
2713.02,55.80380267,37.42486614,148.14
2714.02,55.80380344,37.42485025,148.14
2715.01,55.80380421,37.42483436,148.14
2716.00,55.80380501,37.42481848,148.13
2717.00,55.80380583,37.42480260,148.13
2717.99,55.80380668,37.42478672,148.13
2718.99,55.80380758,37.42477086,148.13
2719.98,55.80380853,37.42475500,148.13
2720.97,55.80380952,37.42473915,148.12
2721.97,55.80381056,37.42472331,148.12
2722.96,55.80381164,37.42470748,148.12
2723.95,55.80381273,37.42469165,148.12
2724.95,55.80381383,37.42467583,148.12
2725.94,55.80381495,37.42466001,148.12
2726.93,55.80381609,37.42464419,148.12
2727.93,55.80381724,37.42462837,148.12
2728.92,55.80381842,37.42461256,148.12
2729.91,55.80381963,37.42459676,148.11
2730.91,55.80382087,37.42458097,148.11
2731.90,55.80382215,37.42456519,148.11
2732.89,55.80382347,37.42454941,148.11
2733.89,55.80382482,37.42453365,148.11
2734.88,55.80382621,37.42451789,148.10
2735.87,55.80382762,37.42450214,148.10
2736.87,55.80382906,37.42448640,148.10
2737.86,55.80383054,37.42447068,148.10
2738.85,55.80383205,37.42445496,148.09
2739.84,55.80383358,37.42443924,148.09
2740.84,55.80383515,37.42442354,148.09
2741.83,55.80383675,37.42440785,148.08
2742.82,55.80383837,37.42439216,148.08
2743.82,55.80384001,37.42437649,148.08
2744.81,55.80384168,37.42436082,148.07
2745.80,55.80384337,37.42434516,148.07
2746.80,55.80384507,37.42432950,148.07
2747.79,55.80384677,37.42431384,148.06
2748.78,55.80384847,37.42429818,148.06
2749.77,55.80385017,37.42428252,148.06
2750.77,55.80385185,37.42426686,148.06
2751.76,55.80385352,37.42425119,148.05
2752.75,55.80385518,37.42423552,148.05
2753.75,55.80385682,37.42421984,148.05
2754.74,55.80385846,37.42420416,148.05
2755.73,55.80386011,37.42418849,148.05
2756.73,55.80386176,37.42417281,148.05
2757.72,55.80386343,37.42415715,148.05
2758.71,55.80386513,37.42414149,148.05
2759.71,55.80386685,37.42412584,148.06
2760.70,55.80386860,37.42411019,148.06
2761.70,55.80387036,37.42409456,148.06
2762.69,55.80387213,37.42407892,148.06
2763.68,55.80387390,37.42406329,148.06
2764.68,55.80387567,37.42404765,148.06
2765.67,55.80387741,37.42403201,148.07
2766.66,55.80387914,37.42401636,148.07
2767.66,55.80388084,37.42400071,148.07
2768.65,55.80388254,37.42398505,148.07
2769.64,55.80388424,37.42396939,148.07
2770.64,55.80388594,37.42395373,148.08
2771.63,55.80388767,37.42393808,148.08
2772.62,55.80388942,37.42392244,148.08
2773.61,55.80389120,37.42390681,148.08
2774.61,55.80389301,37.42389119,148.08
2775.60,55.80389485,37.42387558,148.08
2776.59,55.80389671,37.42385998,148.08
2777.58,55.80389858,37.42384439,148.08
2778.58,55.80390045,37.42382879,148.09
2779.57,55.80390231,37.42381319,148.09
2780.56,55.80390418,37.42379759,148.09
2781.55,55.80390603,37.42378199,148.09
2782.54,55.80390789,37.42376639,148.10
2783.54,55.80390976,37.42375079,148.10
2784.53,55.80391165,37.42373520,148.10
2785.52,55.80391358,37.42371962,148.11
2786.51,55.80391552,37.42370406,148.11
2787.51,55.80391749,37.42368850,148.12
2788.50,55.80391947,37.42367294,148.12
2789.49,55.80392145,37.42365739,148.13
2790.48,55.80392342,37.42364183,148.13
2791.48,55.80392537,37.42362626,148.14
2792.45,55.80392730,37.42361069,148.15
2793.43,55.80392920,37.42359511,148.15
2794.41,55.80393109,37.42357952,148.16
2795.38,55.80393298,37.42356393,148.17
2796.36,55.80393486,37.42354833,148.18
2797.34,55.80393676,37.42353275,148.19
2798.31,55.80393868,37.42351717,148.19
2799.29,55.80394063,37.42350160,148.20
2800.27,55.80394259,37.42348604,148.21
2801.24,55.80394457,37.42347049,148.22
2802.22,55.80394656,37.42345494,148.23
2803.20,55.80394855,37.42343939,148.24
2804.17,55.80395053,37.42342383,148.25
2805.15,55.80395250,37.42340827,148.25
2806.13,55.80395446,37.42339271,148.26
2807.10,55.80395641,37.42337715,148.27
2808.08,55.80395835,37.42336158,148.28
2809.06,55.80396029,37.42334601,148.29
2810.03,55.80396224,37.42333044,148.30
2811.01,55.80396419,37.42331487,148.31
2811.98,55.80396615,37.42329931,148.32
2812.95,55.80396813,37.42328376,148.33
2813.91,55.80397011,37.42326820,148.34
2814.88,55.80397210,37.42325265,148.35
2815.85,55.80397408,37.42323710,148.36
2816.82,55.80397606,37.42322155,148.37
2817.78,55.80397803,37.42320599,148.38
2818.75,55.80397999,37.42319042,148.38
2819.72,55.80398193,37.42317485,148.39
2820.68,55.80398385,37.42315928,148.40
2821.65,55.80398577,37.42314370,148.41
2822.62,55.80398769,37.42312812,148.42
2823.59,55.80398961,37.42311254,148.42
2824.55,55.80399154,37.42309697,148.43
2825.52,55.80399348,37.42308140,148.44
2826.49,55.80399542,37.42306583,148.45
2827.46,55.80399738,37.42305027,148.46
2828.42,55.80399934,37.42303471,148.47
2829.39,55.80400130,37.42301914,148.48
2830.36,55.80400325,37.42300358,148.49
2831.33,55.80400519,37.42298801,148.50
2832.29,55.80400710,37.42297243,148.51
2833.26,55.80400901,37.42295684,148.52
2834.23,55.80401090,37.42294125,148.53
2835.20,55.80401278,37.42292566,148.54
2836.16,55.80401467,37.42291007,148.55
2837.13,55.80401657,37.42289448,148.56
2838.10,55.80401849,37.42287891,148.57
2839.07,55.80402043,37.42286334,148.58
2840.03,55.80402241,37.42284778,148.60
2841.00,55.80402440,37.42283223,148.61
2841.97,55.80402642,37.42281669,148.63
2842.94,55.80402845,37.42280116,148.64
2843.90,55.80403049,37.42278563,148.66
2844.87,55.80403252,37.42277010,148.67
2845.84,55.80403456,37.42275457,148.69
2846.81,55.80403658,37.42273903,148.71
2847.77,55.80403858,37.42272348,148.72
2848.74,55.80404057,37.42270793,148.74
2849.71,55.80404253,37.42269237,148.75
2850.68,55.80404447,37.42267680,148.77
2851.65,55.80404639,37.42266122,148.79
2852.62,55.80404830,37.42264564,148.80
2853.60,55.80405020,37.42263006,148.82
2854.57,55.80405211,37.42261447,148.84
2855.54,55.80405402,37.42259889,148.86
2856.51,55.80405596,37.42258332,148.87
2857.48,55.80405790,37.42256775,148.89
2858.46,55.80405987,37.42255219,148.91
2859.43,55.80406185,37.42253664,148.92
2860.40,55.80406384,37.42252109,148.94
2861.37,55.80406583,37.42250554,148.95
2862.34,55.80406781,37.42248999,148.97
2863.32,55.80406979,37.42247443,148.98
2864.29,55.80407176,37.42245887,149.00
2865.26,55.80407373,37.42244331,149.01
2866.23,55.80407568,37.42242775,149.02
2867.20,55.80407763,37.42241218,149.04
2868.18,55.80407958,37.42239662,149.05
2869.15,55.80408153,37.42238105,149.07
2870.15,55.80408348,37.42236548,149.08
2871.16,55.80408544,37.42234992,149.09
2872.16,55.80408739,37.42233436,149.10
2873.16,55.80408935,37.42231879,149.11
2874.17,55.80409131,37.42230323,149.12
2875.17,55.80409326,37.42228767,149.13
2876.17,55.80409521,37.42227210,149.15
2877.18,55.80409716,37.42225653,149.16
2878.18,55.80409910,37.42224096,149.17
2879.19,55.80410103,37.42222539,149.18
2880.19,55.80410296,37.42220982,149.19
2881.19,55.80410490,37.42219424,149.20
2882.20,55.80410684,37.42217867,149.22
2883.20,55.80410879,37.42216311,149.23
2884.20,55.80411075,37.42214754,149.24
2885.21,55.80411271,37.42213198,149.25
2886.21,55.80411468,37.42211643,149.26
2887.21,55.80411665,37.42210087,149.27
2888.22,55.80411862,37.42208531,149.28
2889.22,55.80412059,37.42206975,149.29
2890.22,55.80412255,37.42205419,149.30
2891.21,55.80412451,37.42203863,149.31
2892.21,55.80412648,37.42202307,149.32
2893.20,55.80412845,37.42200751,149.33
2894.20,55.80413042,37.42199195,149.34
2895.20,55.80413239,37.42197639,149.36
2896.19,55.80413437,37.42196084,149.37
2897.19,55.80413634,37.42194528,149.38
2898.18,55.80413830,37.42192972,149.40
2899.18,55.80414026,37.42191416,149.41
2900.17,55.80414222,37.42189859,149.42
2901.17,55.80414417,37.42188303,149.44
2902.17,55.80414613,37.42186746,149.45
2903.16,55.80414808,37.42185190,149.47
2904.16,55.80415004,37.42183634,149.48
2905.15,55.80415200,37.42182077,149.49
2906.15,55.80415395,37.42180521,149.50
2907.14,55.80415590,37.42178964,149.52
2908.14,55.80415784,37.42177407,149.53
2909.13,55.80415977,37.42175850,149.54
2910.13,55.80416170,37.42174293,149.55
2911.13,55.80416364,37.42172735,149.57
2912.12,55.80416558,37.42171179,149.58
2913.12,55.80416754,37.42169622,149.59
2914.11,55.80416951,37.42168066,149.61
2915.11,55.80417150,37.42166511,149.62
2916.10,55.80417349,37.42164956,149.63
2917.10,55.80417549,37.42163402,149.64
2918.10,55.80417750,37.42161847,149.66
2919.09,55.80417950,37.42160293,149.67
2920.09,55.80418150,37.42158738,149.68
2921.08,55.80418349,37.42157183,149.69
2922.08,55.80418548,37.42155628,149.70
2923.07,55.80418745,37.42154072,149.72
2924.07,55.80418942,37.42152516,149.73
2925.06,55.80419137,37.42150960,149.74
2926.06,55.80419333,37.42149404,149.76
2927.06,55.80419528,37.42147847,149.77
2928.05,55.80419724,37.42146291,149.79
2929.05,55.80419919,37.42144734,149.80
2930.04,55.80420116,37.42143178,149.82
2931.04,55.80420313,37.42141623,149.83
2932.03,55.80420512,37.42140067,149.85
2933.03,55.80420710,37.42138512,149.86
2934.02,55.80420909,37.42136957,149.88
2935.02,55.80421108,37.42135402,149.89
2936.02,55.80421307,37.42133847,149.91
2937.01,55.80421505,37.42132291,149.93
2938.01,55.80421702,37.42130736,149.94
2939.00,55.80421899,37.42129180,149.96
2940.00,55.80422095,37.42127624,149.98
2940.99,55.80422292,37.42126068,149.99
2941.99,55.80422488,37.42124512,150.01
2942.99,55.80422684,37.42122955,150.02
2943.98,55.80422879,37.42121399,150.04
2944.98,55.80423073,37.42119842,150.05
2945.97,55.80423267,37.42118285,150.07
2946.97,55.80423460,37.42116727,150.09
2947.96,55.80423653,37.42115170,150.11
2948.96,55.80423847,37.42113613,150.12
2949.96,55.80424042,37.42112056,150.14
2950.97,55.80424239,37.42110501,150.16
2951.97,55.80424438,37.42108945,150.18
2952.98,55.80424637,37.42107390,150.20
2953.98,55.80424837,37.42105836,150.22
2954.98,55.80425036,37.42104281,150.23
2955.99,55.80425236,37.42102726,150.25
2956.99,55.80425434,37.42101171,150.26
2958.00,55.80425632,37.42099615,150.28
2959.00,55.80425829,37.42098059,150.29
2960.00,55.80426025,37.42096503,150.31
2961.01,55.80426222,37.42094947,150.33
2962.01,55.80426417,37.42093391,150.34
2963.02,55.80426613,37.42091835,150.36
2964.02,55.80426808,37.42090278,150.38
2965.02,55.80427004,37.42088722,150.39
2966.03,55.80427200,37.42087165,150.41
2967.03,55.80427396,37.42085609,150.42
2968.04,55.80427593,37.42084054,150.44
2969.04,55.80427791,37.42082498,150.45
2970.04,55.80427988,37.42080942,150.47
2971.05,55.80428186,37.42079387,150.48
2972.05,55.80428384,37.42077831,150.49
2973.06,55.80428582,37.42076276,150.51
2974.06,55.80428779,37.42074720,150.52
2975.06,55.80428976,37.42073164,150.54
2976.07,55.80429172,37.42071608,150.55
2977.07,55.80429369,37.42070052,150.57
2978.08,55.80429565,37.42068496,150.58
2979.08,55.80429760,37.42066940,150.60
2980.09,55.80429956,37.42065383,150.61
2981.09,55.80430151,37.42063827,150.62
2982.09,55.80430347,37.42062270,150.64
2983.10,55.80430542,37.42060714,150.65
2984.10,55.80430738,37.42059157,150.67
2985.11,55.80430934,37.42057601,150.65
2986.11,55.80431130,37.42056045,150.59
2987.11,55.80431326,37.42054489,150.60
2988.12,55.80431522,37.42052932,150.61
2989.12,55.80431718,37.42051376,150.62
2990.12,55.80431914,37.42049820,150.64
2991.11,55.80432100,37.42048260,150.65
2992.10,55.80432237,37.42046687,150.65
2993.10,55.80432311,37.42045107,150.63
2994.09,55.80432460,37.42043539,150.64
2995.09,55.80432169,37.42042083,150.66
2996.08,55.80432360,37.42040525,150.67
2997.08,55.80432564,37.42038974,150.69
2998.07,55.80432817,37.42037449,150.70
2999.06,55.80433083,37.42035929,150.72
3000.06,55.80433656,37.42034707,150.72
3001.05,55.80433887,37.42033181,150.73
3002.05,55.80434092,37.42031628,150.75
3003.04,55.80434344,37.42030098,150.80
3004.04,55.80434592,37.42028567,150.88
3005.03,55.80434773,37.42027005,150.89
3006.02,55.80434969,37.42025449,150.90
3007.02,55.80435165,37.42023893,150.91
3008.01,55.80435361,37.42022337,150.93
3009.01,55.80435557,37.42020780,150.94
3010.00,55.80435753,37.42019224,150.96
3011.00,55.80435951,37.42017669,151.01
3011.99,55.80436150,37.42016114,151.02
3012.98,55.80436350,37.42014559,151.03
3013.98,55.80436551,37.42013005,151.04
3014.97,55.80436751,37.42011450,151.06
3015.97,55.80436950,37.42009895,151.07
3016.96,55.80437146,37.42008339,151.08
3017.96,55.80437340,37.42006782,151.09
3018.95,55.80437530,37.42005224,151.11
3019.94,55.80437720,37.42003665,151.12
3020.94,55.80437910,37.42002106,151.13
3021.93,55.80438102,37.42000548,151.15
3022.93,55.80438295,37.41998991,151.16
3023.92,55.80438492,37.41997435,151.17
3024.92,55.80438690,37.41995880,151.19
3025.91,55.80438890,37.41994325,151.20
3026.90,55.80439089,37.41992770,151.22
3027.90,55.80439289,37.41991216,151.23
3028.89,55.80439488,37.41989660,151.25
3029.89,55.80439686,37.41988105,151.26
3030.88,55.80439883,37.41986549,151.28
3031.88,55.80440081,37.41984994,151.29
3032.87,55.80440279,37.41983439,151.31
3033.86,55.80440478,37.41981883,151.32
3034.86,55.80440676,37.41980328,151.34
3035.85,55.80440874,37.41978772,151.35
3036.85,55.80441071,37.41977217,151.37
3037.84,55.80441267,37.41975660,151.39
3038.84,55.80441461,37.41974104,151.40
3039.83,55.80441654,37.41972546,151.42
3040.82,55.80441846,37.41970988,151.43
3041.82,55.80442037,37.41969430,151.45
3042.81,55.80442228,37.41967872,151.47
3043.81,55.80442419,37.41966314,151.48
3044.80,55.80442611,37.41964756,151.50
3045.80,55.80442804,37.41963199,151.51
3046.79,55.80442999,37.41961642,151.53
3047.78,55.80443195,37.41960085,151.54
3048.78,55.80443391,37.41958529,151.67
3049.77,55.80443589,37.41956974,152.12
3050.77,55.80443787,37.41955418,152.46
3051.76,55.80443985,37.41953863,152.47
3052.76,55.80444184,37.41952308,152.48
3053.76,55.80444383,37.41950753,152.50
3054.75,55.80444585,37.41949199,152.51
3055.75,55.80444736,37.41947637,152.52
3056.74,55.80444662,37.41946055,152.55
3057.74,55.80444860,37.41944499,152.57
3058.73,55.80445051,37.41942941,152.60
3059.73,55.80445428,37.41941500,152.62
3060.72,55.80445754,37.41940018,152.64
3061.72,55.80445953,37.41938463,152.72
3062.72,55.80446151,37.41936907,153.16
3063.71,55.80446348,37.41935352,153.53
3064.71,55.80446544,37.41933795,153.56
3065.70,55.80446738,37.41932239,153.49
3066.70,55.80446931,37.41930681,153.07
3067.69,55.80447124,37.41929123,152.71
3068.69,55.80447289,37.41927561,152.72
3069.68,55.80447257,37.41925969,152.74
3070.68,55.80447499,37.41924475,152.78
3071.68,55.80447872,37.41923043,152.80
3072.67,55.80448118,37.41921529,152.81
3073.67,55.80448269,37.41919959,152.82
3074.66,55.80448467,37.41918404,152.83
3075.66,55.80448670,37.41916850,152.84
3076.65,55.80448873,37.41915297,152.85
3077.65,55.80449078,37.41913744,152.66
3078.64,55.80449281,37.41912191,152.25
3079.64,55.80449484,37.41910638,152.02
3080.64,55.80449686,37.41909084,152.02
3081.63,55.80449885,37.41907529,152.03
3082.63,55.80450083,37.41905973,152.04
3083.62,55.80450278,37.41904417,152.05
3084.62,55.80450471,37.41902859,152.06
3085.61,55.80450663,37.41901302,152.08
3086.61,55.80450855,37.41899743,152.09
3087.60,55.80451046,37.41898185,152.10
3088.60,55.80451237,37.41896627,152.11
3089.60,55.80451430,37.41895070,152.13
3090.59,55.80451625,37.41893513,152.14
3091.59,55.80451820,37.41891957,152.15
3092.58,55.80452017,37.41890400,152.16
3093.58,55.80452213,37.41888845,152.18
3094.57,55.80452411,37.41887289,152.19
3095.57,55.80452608,37.41885733,152.20
3096.56,55.80452804,37.41884177,152.21
3097.56,55.80453000,37.41882621,152.22
3098.55,55.80453197,37.41881065,152.24
3099.55,55.80453393,37.41879509,152.25
3100.55,55.80453590,37.41877953,152.26
3101.54,55.80453788,37.41876397,152.28
3102.54,55.80453986,37.41874842,152.29
3103.53,55.80454185,37.41873287,152.30
3104.53,55.80454384,37.41871732,152.32
3105.52,55.80454583,37.41870177,152.33
3106.52,55.80454782,37.41868622,152.35
3107.51,55.80454980,37.41867066,152.36
3108.51,55.80455177,37.41865511,152.37
3109.51,55.80455374,37.41863955,152.39
3110.52,55.80455570,37.41862398,152.40
3111.52,55.80455766,37.41860842,152.42
3112.52,55.80455961,37.41859286,152.43
3113.52,55.80456157,37.41857729,152.44
3114.53,55.80456354,37.41856173,152.46
3115.53,55.80456551,37.41854617,152.47
3116.53,55.80456748,37.41853062,152.49
3117.53,55.80456947,37.41851507,152.50
3118.54,55.80457147,37.41849952,152.51
3119.54,55.80457348,37.41848398,152.53
3120.54,55.80457550,37.41846844,152.54
3121.54,55.80457753,37.41845291,152.55
3122.55,55.80457955,37.41843737,152.56
3123.55,55.80458157,37.41842183,152.58
3124.55,55.80458358,37.41840629,152.59
3125.55,55.80458557,37.41839074,152.60
3126.56,55.80458754,37.41837518,152.62
3127.56,55.80458949,37.41835961,152.63
3128.56,55.80459143,37.41834404,152.65
3129.56,55.80459337,37.41832847,152.66
3130.57,55.80459530,37.41831290,152.67
3131.57,55.80459724,37.41829733,152.69
3132.57,55.80459918,37.41828176,152.70
3133.57,55.80460112,37.41826619,152.71
3134.58,55.80460306,37.41825062,152.73
3135.58,55.80460501,37.41823505,152.74
3136.58,55.80460696,37.41821948,152.75
3137.58,55.80460891,37.41820392,152.77
3138.58,55.80461087,37.41818835,152.78
3139.59,55.80461284,37.41817280,152.79
3140.59,55.80461482,37.41815724,152.81
3141.59,55.80461683,37.41814170,152.82
3142.59,55.80461885,37.41812616,152.84
3143.60,55.80462089,37.41811063,152.85
3144.60,55.80462294,37.41809511,152.86
3145.60,55.80462499,37.41807958,152.88
3146.60,55.80462703,37.41806405,152.89
3147.61,55.80462906,37.41804852,152.91
3148.61,55.80463107,37.41803298,152.92
3149.61,55.80463307,37.41801743,152.93
3150.61,55.80463506,37.41800188,152.95
3151.62,55.80463704,37.41798632,152.96
3152.62,55.80463902,37.41797077,152.98
3153.62,55.80464099,37.41795521,152.99
3154.62,55.80464297,37.41793966,153.01
3155.62,55.80464495,37.41792410,153.02
3156.63,55.80464694,37.41790855,153.03
3157.63,55.80464894,37.41789300,153.05
3158.63,55.80465093,37.41787746,153.06
3159.63,55.80465293,37.41786191,153.08
3160.64,55.80465493,37.41784636,153.09
3161.64,55.80465692,37.41783081,153.11
3162.64,55.80465891,37.41781526,153.12
3163.64,55.80466089,37.41779971,153.13
3164.65,55.80466288,37.41778416,153.15
3165.65,55.80466487,37.41776860,153.16
3166.65,55.80466685,37.41775305,153.18
3167.65,55.80466885,37.41773750,153.19
3168.65,55.80467084,37.41772195,153.20
3169.66,55.80467283,37.41770641,153.21
3170.66,55.80467482,37.41769085,153.23
3171.66,55.80467681,37.41767530,153.24
3172.66,55.80467879,37.41765975,153.25
3173.67,55.80468077,37.41764419,153.27
3174.67,55.80468275,37.41762864,153.28
3175.67,55.80468474,37.41761309,153.29
3176.67,55.80468673,37.41759754,153.31
3177.68,55.80468873,37.41758199,153.32
3178.68,55.80469075,37.41756645,153.33
3179.68,55.80469276,37.41755091,153.35
3180.68,55.80469479,37.41753538,153.36
3181.69,55.80469681,37.41751984,153.37
3182.69,55.80469883,37.41750430,153.38
3183.69,55.80470084,37.41748876,153.39
3184.69,55.80470286,37.41747322,153.41
3185.69,55.80470486,37.41745768,153.42
3186.70,55.80470687,37.41744213,153.43
3187.70,55.80470886,37.41742658,153.44
3188.70,55.80471085,37.41741103,153.45
3189.70,55.80471285,37.41739548,153.46
3190.71,55.80471484,37.41737993,153.48
3191.71,55.80471684,37.41736439,153.49
3192.71,55.80471885,37.41734885,153.50
3193.71,55.80472087,37.41733331,153.51
3194.72,55.80472291,37.41731778,153.52
3195.72,55.80472496,37.41730225,153.53
3196.72,55.80472702,37.41728673,153.54
3197.72,55.80472908,37.41727121,153.55
3198.73,55.80473115,37.41725569,153.56
3199.73,55.80473322,37.41724017,153.57
3200.73,55.80473528,37.41722465,153.58
3201.73,55.80473734,37.41720913,153.59
3202.73,55.80473939,37.41719360,153.60
3203.74,55.80474144,37.41717808,153.61
3204.74,55.80474348,37.41716255,153.62
3205.74,55.80474552,37.41714702,153.63
3206.74,55.80474756,37.41713149,153.64
3207.75,55.80474963,37.41711597,153.65
3208.75,55.80475178,37.41710049,153.65
3209.74,55.80475060,37.41708534,153.66
3210.74,55.80475161,37.41707003,153.67
3211.73,55.80475368,37.41705451,153.68
3212.73,55.80475571,37.41703898,153.70
3213.72,55.80475761,37.41702339,153.71
3214.72,55.80476291,37.41701083,153.72
3215.71,55.80476550,37.41699587,153.72
3216.71,55.80476751,37.41698033,153.73
3217.70,55.80476958,37.41696481,153.74
3218.70,55.80477166,37.41694930,153.75
3219.69,55.80477375,37.41693379,153.75
3220.69,55.80477584,37.41691828,153.76
3221.68,55.80477793,37.41690278,153.76
3222.68,55.80478003,37.41688727,153.77
3223.67,55.80478213,37.41687177,153.78
3224.67,55.80478423,37.41685626,153.79
3225.66,55.80478634,37.41684076,153.80
3226.66,55.80478845,37.41682526,153.81
3227.65,55.80479056,37.41680976,153.82
3228.65,55.80479268,37.41679426,153.82
3229.64,55.80479480,37.41677877,153.83
3230.64,55.80479692,37.41676327,153.84
3231.63,55.80479905,37.41674778,153.85
3232.63,55.80480119,37.41673229,153.86
3233.62,55.80480334,37.41671681,153.87
3234.62,55.80480550,37.41670133,153.88
3235.61,55.80480767,37.41668586,153.88
3236.61,55.80480985,37.41667038,153.89
3237.60,55.80481203,37.41665491,153.90
3238.60,55.80481421,37.41663944,153.91
3239.59,55.80481639,37.41662397,153.92
3240.58,55.80481856,37.41660850,153.93
3241.58,55.80482072,37.41659302,153.94
3242.57,55.80482287,37.41657754,153.95
3243.57,55.80482500,37.41656205,153.96
3244.56,55.80482713,37.41654656,153.97
3245.56,55.80482925,37.41653106,153.98
3246.55,55.80483137,37.41651556,153.99
3247.55,55.80483350,37.41650007,154.00
3248.54,55.80483563,37.41648458,154.01
3249.54,55.80483777,37.41646909,154.02
3250.54,55.80483993,37.41645361,154.03
3251.54,55.80484210,37.41643814,154.05
3252.54,55.80484429,37.41642267,154.06
3253.54,55.80484649,37.41640721,154.07
3254.54,55.80484870,37.41639176,154.08
3255.53,55.80485092,37.41637630,154.09
3256.53,55.80485313,37.41636085,154.10
3257.53,55.80485534,37.41634539,154.11
3258.53,55.80485754,37.41632993,154.12
3259.53,55.80485973,37.41631446,154.14
3260.53,55.80486190,37.41629899,154.15
3261.52,55.80486405,37.41628350,154.16
3262.52,55.80486617,37.41626801,154.18
3263.52,55.80486827,37.41625250,154.19
3264.52,55.80487035,37.41623699,154.20
3265.52,55.80487241,37.41622147,154.21
3266.52,55.80487446,37.41620594,154.23
3267.52,55.80487651,37.41619042,154.24
3268.51,55.80487856,37.41617489,154.25
3269.51,55.80488062,37.41615937,154.26
3270.51,55.80488268,37.41614385,154.28
3271.51,55.80488477,37.41612834,154.29
3272.51,55.80488687,37.41611283,154.30
3273.51,55.80488898,37.41609734,154.31
3274.51,55.80489113,37.41608185,154.32
3275.50,55.80489329,37.41606637,154.34
3276.50,55.80489548,37.41605091,154.35
3277.50,55.80489769,37.41603545,154.37
3278.50,55.80489992,37.41602000,154.38
3279.50,55.80490216,37.41600456,154.39
3280.50,55.80490441,37.41598912,154.41
3281.50,55.80490667,37.41597369,154.42
3282.49,55.80490894,37.41595826,154.43
3283.49,55.80491120,37.41594282,154.44
3284.49,55.80491345,37.41592739,154.45
3285.49,55.80491570,37.41591195,154.47
3286.49,55.80491792,37.41589649,154.48
3287.49,55.80492012,37.41588103,154.50
3288.49,55.80492230,37.41586556,154.51
3289.47,55.80492446,37.41585008,154.53
3290.46,55.80492660,37.41583460,154.55
3291.44,55.80492873,37.41581911,154.56
3292.43,55.80493086,37.41580362,154.58
3293.41,55.80493299,37.41578812,154.60
3294.40,55.80493512,37.41577263,154.62
3295.38,55.80493726,37.41575714,154.64
3296.37,55.80493940,37.41574166,154.65
3297.35,55.80494155,37.41572617,154.67
3298.34,55.80494371,37.41571069,154.69
3299.32,55.80494586,37.41569521,154.71
3300.31,55.80494802,37.41567973,154.73
3301.30,55.80495019,37.41566425,154.75
3302.28,55.80495235,37.41564878,154.77
3303.27,55.80495451,37.41563330,154.79
3304.25,55.80495667,37.41561782,154.81
3305.24,55.80495883,37.41560234,154.83
3306.22,55.80496100,37.41558687,154.85
3307.21,55.80496316,37.41557139,154.87
3308.19,55.80496532,37.41555591,154.89
3309.18,55.80496747,37.41554043,154.91
3310.16,55.80496962,37.41552494,154.92
3311.15,55.80497176,37.41550946,154.94
3312.13,55.80497388,37.41549396,154.96
3313.12,55.80497599,37.41547846,154.97
3314.11,55.80497809,37.41546295,154.99
3315.09,55.80498017,37.41544744,155.01
3316.08,55.80498226,37.41543193,155.02
3317.06,55.80498435,37.41541642,155.04
3318.05,55.80498645,37.41540092,155.06
3319.03,55.80498858,37.41538542,155.07
3320.02,55.80499073,37.41536994,155.09
3321.00,55.80499290,37.41535447,155.10
3321.99,55.80499510,37.41533901,155.12
3322.97,55.80499730,37.41532355,155.13
3323.96,55.80499951,37.41530809,155.15
3324.95,55.80500171,37.41529263,155.16
3325.93,55.80500390,37.41527716,155.18
3326.92,55.80500607,37.41526169,155.19
3327.90,55.80500823,37.41524621,155.20
3328.88,55.80501038,37.41523073,155.22
3329.86,55.80501253,37.41521524,155.23
3330.85,55.80501467,37.41519975,155.24
3331.83,55.80501680,37.41518427,155.25
3332.81,55.80501894,37.41516878,155.27
3333.79,55.80502108,37.41515329,155.28
3334.77,55.80502323,37.41513780,155.29
3335.75,55.80502537,37.41512232,155.30
3336.74,55.80502752,37.41510684,155.32
3337.72,55.80502968,37.41509135,155.33
3338.70,55.80503183,37.41507587,155.34
3339.68,55.80503399,37.41506039,155.35
3340.66,55.80503615,37.41504491,155.36
3341.64,55.80503830,37.41502943,155.38
3342.63,55.80504044,37.41501395,155.39
3343.61,55.80504259,37.41499846,155.40
3344.59,55.80504472,37.41498297,155.41
3345.57,55.80504685,37.41496747,155.42
3346.55,55.80504897,37.41495198,155.43
3347.53,55.80505108,37.41493648,155.44
3348.55,55.80505319,37.41492098,155.45
3349.56,55.80505529,37.41490547,155.46
3350.57,55.80505739,37.41488997,155.47
3351.58,55.80505949,37.41487447,155.49
3352.60,55.80506161,37.41485897,155.50
3353.61,55.80506373,37.41484347,155.51
3354.62,55.80506586,37.41482798,155.52
3355.63,55.80506800,37.41481249,155.53
3356.65,55.80507015,37.41479701,155.54
3357.66,55.80507230,37.41478152,155.55
3358.67,55.80507445,37.41476604,155.56
3359.68,55.80507659,37.41475056,155.57
3360.69,55.80507874,37.41473507,155.58
3361.71,55.80508088,37.41471958,155.59
3362.72,55.80508302,37.41470409,155.60
3363.73,55.80508516,37.41468861,155.61
3364.74,55.80508730,37.41467312,155.63
3365.76,55.80508943,37.41465763,155.64
3366.77,55.80509157,37.41464214,155.65
3367.78,55.80509371,37.41462665,155.66
3368.76,55.80509585,37.41461117,155.67
3369.74,55.80509800,37.41459568,155.68
3370.71,55.80510016,37.41458020,155.69
3371.69,55.80510231,37.41456472,155.70
3372.67,55.80510447,37.41454924,155.71
3373.65,55.80510664,37.41453376,155.73
3374.62,55.80510880,37.41451829,155.74
3375.60,55.80511095,37.41450281,155.75
3376.58,55.80511311,37.41448732,155.76
3377.56,55.80511525,37.41447184,155.78
3378.53,55.80511739,37.41445635,155.79
3379.51,55.80511953,37.41444086,155.80
3380.49,55.80512167,37.41442537,155.81
3381.47,55.80512379,37.41440988,155.82
3382.45,55.80512592,37.41439439,155.84
3383.42,55.80512805,37.41437890,155.85
3384.40,55.80513018,37.41436340,155.86
3385.38,55.80513232,37.41434791,155.87
3386.36,55.80513446,37.41433243,155.88
3387.33,55.80513661,37.41431694,155.90
3388.31,55.80513877,37.41430146,155.91
3389.29,55.80514093,37.41428598,155.92
3390.27,55.80514308,37.41427050,155.93
3391.25,55.80514524,37.41425502,155.94
3392.22,55.80514739,37.41423954,155.95
3393.20,55.80514954,37.41422406,155.96
3394.18,55.80515169,37.41420857,155.97
3395.16,55.80515384,37.41419309,155.98
3396.14,55.80515599,37.41417761,155.99
3397.12,55.80515815,37.41416213,156.00
3398.09,55.80516031,37.41414665,156.01
3399.07,55.80516247,37.41413117,156.02
3400.05,55.80516463,37.41411569,156.03
3401.03,55.80516680,37.41410022,156.04
3402.01,55.80516896,37.41408474,156.05
3402.98,55.80517112,37.41406926,156.06
3403.96,55.80517329,37.41405378,156.07
3404.94,55.80517544,37.41403830,156.08
3405.92,55.80517759,37.41402282,156.09
3406.90,55.80517973,37.41400733,156.10
3407.87,55.80518186,37.41399184,156.11
3408.85,55.80518398,37.41397634,156.12
3409.83,55.80518609,37.41396084,156.13
3410.81,55.80518821,37.41394534,156.14
3411.79,55.80519032,37.41392985,156.15
3412.77,55.80519244,37.41391435,156.17
3413.74,55.80519457,37.41389885,156.18
3414.72,55.80519670,37.41388336,156.19
3415.70,55.80519883,37.41386787,156.20
3416.68,55.80520095,37.41385238,156.21
3417.66,55.80520307,37.41383688,156.22
3418.63,55.80520519,37.41382138,156.23
3419.61,55.80520729,37.41380588,156.24
3420.59,55.80520940,37.41379038,156.25
3421.57,55.80521150,37.41377487,156.26
3422.55,55.80521360,37.41375937,156.27
3423.52,55.80521570,37.41374386,156.28
3424.50,55.80521781,37.41372836,156.29
3425.48,55.80521992,37.41371286,156.30
3426.46,55.80522204,37.41369737,156.31
3427.44,55.80522417,37.41368187,156.32
3428.42,55.80522631,37.41366639,156.33
3429.41,55.80522846,37.41365090,156.34
3430.39,55.80523062,37.41363542,156.35
3431.37,55.80523279,37.41361995,156.36
3432.35,55.80523496,37.41360447,156.37
3433.33,55.80523713,37.41358900,156.38
3434.32,55.80523931,37.41357353,156.39
3435.30,55.80524148,37.41355805,156.40
3436.28,55.80524365,37.41354258,156.41
3437.26,55.80524581,37.41352710,156.42
3438.24,55.80524798,37.41351163,156.43
3439.23,55.80525014,37.41349615,156.44
3440.21,55.80525229,37.41348067,156.46
3441.19,55.80525444,37.41346518,156.47
3442.17,55.80525657,37.41344969,156.48
3443.15,55.80525869,37.41343419,156.49
3444.14,55.80526080,37.41341869,156.51
3445.12,55.80526291,37.41340319,156.52
3446.10,55.80526502,37.41338769,156.53
3447.10,55.80526714,37.41337219,156.55
3448.09,55.80526927,37.41335670,156.56
3449.09,55.80527141,37.41334121,156.57
3450.08,55.80527356,37.41332573,156.59
3451.08,55.80527571,37.41331025,156.60
3452.07,55.80527786,37.41329476,156.61
3453.06,55.80528000,37.41327928,156.63
3454.06,55.80528214,37.41326379,156.64
3455.05,55.80528427,37.41324830,156.65
3456.05,55.80528640,37.41323280,156.66
3457.04,55.80528853,37.41321731,156.68
3458.04,55.80529067,37.41320182,156.69
3459.03,55.80529281,37.41318634,156.70
3460.03,55.80529497,37.41317086,156.71
3461.02,55.80529713,37.41315538,156.73
3462.02,55.80529930,37.41313990,156.74
3463.01,55.80530146,37.41312443,156.75
3464.01,55.80530362,37.41310895,156.76
3465.00,55.80530577,37.41309346,156.77
3466.00,55.80530791,37.41307798,156.79
3466.99,55.80531005,37.41306249,156.80
3467.99,55.80531220,37.41304700,156.81
3468.98,55.80531434,37.41303152,156.82
3469.98,55.80531650,37.41301604,156.83
3470.97,55.80531866,37.41300056,156.84
3471.97,55.80532083,37.41298508,156.85
3472.96,55.80532300,37.41296961,156.86
3473.96,55.80532518,37.41295414,156.87
3474.95,55.80532736,37.41293867,156.88
3475.94,55.80532953,37.41292320,156.90
3476.94,55.80533170,37.41290772,156.91
3477.93,55.80533387,37.41289224,156.92
3478.93,55.80533602,37.41287676,156.93
3479.92,55.80533817,37.41286128,156.94
3480.92,55.80534031,37.41284579,156.95
3481.91,55.80534245,37.41283030,156.96
3482.91,55.80534458,37.41281481,156.97
3483.90,55.80534671,37.41279932,156.99
3484.90,55.80534884,37.41278383,157.00
3485.89,55.80535098,37.41276834,157.01
3486.89,55.80535312,37.41275285,157.02
3487.88,55.80535526,37.41273737,157.04
3488.88,55.80535742,37.41272189,157.05
3489.87,55.80535958,37.41270641,157.07
3490.87,55.80536174,37.41269093,157.08
3491.86,55.80536390,37.41267545,157.09
3492.86,55.80536606,37.41265997,157.11
3493.85,55.80536821,37.41264448,157.12
3494.85,55.80537035,37.41262900,157.14
3495.84,55.80537249,37.41261351,157.15
3496.84,55.80537462,37.41259802,157.16
3497.83,55.80537676,37.41258253,157.18
3498.83,55.80537889,37.41256704,157.19
3499.82,55.80538103,37.41255155,157.21
3500.81,55.80538317,37.41253606,157.23
3501.81,55.80538532,37.41252058,157.24
3502.80,55.80538747,37.41250510,157.26
3503.80,55.80538963,37.41248962,157.27
3504.79,55.80539178,37.41247414,157.29
3505.79,55.80539394,37.41245866,157.30
3506.79,55.80539610,37.41244318,157.31
3507.80,55.80539826,37.41242770,157.32
3508.80,55.80540041,37.41241222,157.34
3509.80,55.80540257,37.41239673,157.35
3510.81,55.80540472,37.41238125,157.36
3511.81,55.80540688,37.41236577,157.38
3512.81,55.80540904,37.41235029,157.39
3513.82,55.80541119,37.41233481,157.40
3514.82,55.80541335,37.41231933,157.42
3515.82,55.80541550,37.41230385,157.43
3516.83,55.80541765,37.41228837,157.44
3517.83,55.80541979,37.41227288,157.45
3518.83,55.80542193,37.41225739,157.47
3519.84,55.80542406,37.41224190,157.48
3520.84,55.80542620,37.41222641,157.49
3521.84,55.80542833,37.41221092,157.50
3522.85,55.80543046,37.41219543,157.51
3523.85,55.80543259,37.41217993,157.52
3524.85,55.80543472,37.41216444,157.53
3525.86,55.80543685,37.41214895,157.55
3526.85,55.80543896,37.41213345,157.56
3527.85,55.80544108,37.41211795,157.57
3528.84,55.80544319,37.41210245,157.58
3529.84,55.80544530,37.41208695,157.59
3530.83,55.80544742,37.41207145,157.61
3531.83,55.80544955,37.41205596,157.62
3532.82,55.80545168,37.41204047,157.63
3533.82,55.80545382,37.41202498,157.64
3534.81,55.80545596,37.41200950,157.65
3535.80,55.80545812,37.41199401,157.66
3536.80,55.80546027,37.41197853,157.67
3537.79,55.80546244,37.41196305,157.69
3538.79,55.80546460,37.41194758,157.70
3539.78,55.80546677,37.41193210,157.73
3540.78,55.80546892,37.41191662,157.74
3541.77,55.80547107,37.41190114,157.75
3542.77,55.80547321,37.41188565,157.75
3543.76,55.80547534,37.41187016,157.76
3544.76,55.80547746,37.41185466,157.77
3545.75,55.80547919,37.41183909,157.78
3546.75,55.80547743,37.41182389,157.79
3547.75,55.80547759,37.41182065,157.82
3548.74,55.80548326,37.41180893,157.83
3549.74,55.80548577,37.41179365,157.84
3550.74,55.80548790,37.41177816,157.84
3551.73,55.80549003,37.41176267,157.85
3552.73,55.80549216,37.41174717,157.85
3553.73,55.80549429,37.41173168,157.84
3554.72,55.80549642,37.41171619,157.84
3555.72,55.80549855,37.41170070,157.85
3556.72,55.80550067,37.41168520,157.86
3557.71,55.80550280,37.41166971,157.87
3558.71,55.80550493,37.41165422,157.88
3559.71,55.80550705,37.41163872,157.89
3560.70,55.80550918,37.41162323,157.90
3561.70,55.80551131,37.41160774,157.91
3562.70,55.80551344,37.41159224,157.92
3563.70,55.80551557,37.41157675,157.93
3564.69,55.80551770,37.41156126,157.94
3565.69,55.80551984,37.41154577,157.95
3566.67,55.80552198,37.41153028,157.97
3567.65,55.80552412,37.41151480,157.98
3568.63,55.80552626,37.41149931,157.99
3569.61,55.80552841,37.41148383,158.00
3570.59,55.80553057,37.41146834,158.01
3571.57,55.80553273,37.41145287,158.03
3572.55,55.80553490,37.41143739,158.04
3573.53,55.80553710,37.41142193,158.06
3574.51,55.80553931,37.41140648,158.08
3575.49,55.80554155,37.41139103,158.09
3576.47,55.80554383,37.41137561,158.11
3577.45,55.80554613,37.41136019,158.13
3578.43,55.80554844,37.41134478,158.15
3579.41,55.80555076,37.41132938,158.17
3580.39,55.80555307,37.41131396,158.19
3581.37,55.80555532,37.41129852,158.21
3582.35,55.80555749,37.41128305,158.23
3583.33,55.80555954,37.41126753,158.25
3584.31,55.80556147,37.41125195,158.27
3585.29,55.80556324,37.41123632,158.29
3586.28,55.80556484,37.41122062,158.31
3587.27,55.80556625,37.41120488,158.34
3588.27,55.80556749,37.41118908,158.36
3589.26,55.80556856,37.41117325,158.38
3590.25,55.80556945,37.41115738,158.41
3591.24,55.80557017,37.41114149,158.43
3592.24,55.80557072,37.41112557,158.45
3593.23,55.80557108,37.41110964,158.47
3594.22,55.80557126,37.41109369,158.49
3595.21,55.80557125,37.41107775,158.51
3596.21,55.80557106,37.41106180,158.53
3597.20,55.80557070,37.41104587,158.55
3598.19,55.80557018,37.41102995,158.57
3599.18,55.80556952,37.41101405,158.59
3600.18,55.80556875,37.41099816,158.61
3601.17,55.80556788,37.41098229,158.62
3602.16,55.80556692,37.41096643,158.64
3603.15,55.80556587,37.41095059,158.66
3604.15,55.80556473,37.41093477,158.68
3605.14,55.80556346,37.41091899,158.70
3606.13,55.80556204,37.41090324,158.71
3607.12,55.80556043,37.41088755,158.73
3608.12,55.80555860,37.41087194,158.75
3609.11,55.80555650,37.41085644,158.77
3610.10,55.80555410,37.41084107,158.79
3611.09,55.80555137,37.41082588,158.80
3612.09,55.80554829,37.41081090,158.82
3613.08,55.80554486,37.41079617,158.84
3614.07,55.80554109,37.41078170,158.86
3615.06,55.80553700,37.41076750,158.88
3616.06,55.80553264,37.41075355,158.90
3617.05,55.80552807,37.41073984,158.92
3618.04,55.80552333,37.41072629,158.93
3619.03,55.80551847,37.41071287,158.95
3620.03,55.80551355,37.41069954,158.96
3621.02,55.80550859,37.41068624,158.97
3622.01,55.80550361,37.41067296,158.99
3623.00,55.80549864,37.41065968,159.00
3624.00,55.80549366,37.41064641,159.02
3624.99,55.80548865,37.41063318,159.03
3625.99,55.80548358,37.41062002,159.04
3626.99,55.80547842,37.41060697,159.06
3627.99,55.80547313,37.41059407,159.07
3628.99,55.80546771,37.41058136,159.09
3629.99,55.80546213,37.41056886,159.10
3630.99,55.80545639,37.41055661,159.11
3631.99,55.80545049,37.41054458,159.12
3633.00,55.80544445,37.41053277,159.13
3634.00,55.80543828,37.41052119,159.14
3635.00,55.80543198,37.41050983,159.15
3636.00,55.80542556,37.41049867,159.16
3637.00,55.80541903,37.41048772,159.17
3638.00,55.80541240,37.41047697,159.18
3639.00,55.80540566,37.41046642,159.19
3640.00,55.80539882,37.41045609,159.20
3641.00,55.80539189,37.41044595,159.21
3642.00,55.80538486,37.41043602,159.22
3643.00,55.80537774,37.41042631,159.23
3644.00,55.80537052,37.41041683,159.24
3645.00,55.80536320,37.41040758,159.25
3646.01,55.80535579,37.41039857,159.26
3647.01,55.80534828,37.41038982,159.27
3648.01,55.80534066,37.41038137,159.28
3649.01,55.80533295,37.41037320,159.28
3650.01,55.80532513,37.41036535,159.29
3651.01,55.80531720,37.41035786,159.30
3652.01,55.80530918,37.41035070,159.30
3653.01,55.80530106,37.41034389,159.31
3654.01,55.80529286,37.41033737,159.32
3655.01,55.80528461,37.41033109,159.32
3656.01,55.80527630,37.41032501,159.33
3657.01,55.80526797,37.41031908,159.34
3658.01,55.80525961,37.41031322,159.36
3659.01,55.80525125,37.41030740,159.37
3660.02,55.80524288,37.41030160,159.38
3661.02,55.80523452,37.41029579,159.39
3662.02,55.80522616,37.41028997,159.41
3663.02,55.80521780,37.41028413,159.42
3664.02,55.80520945,37.41027828,159.44
3665.02,55.80520110,37.41027241,159.46
3666.01,55.80519275,37.41026653,159.48
3667.00,55.80518440,37.41026065,159.50
3668.00,55.80517605,37.41025478,159.53
3668.99,55.80516769,37.41024892,159.56
3669.98,55.80515933,37.41024309,159.58
3670.97,55.80515097,37.41023728,159.61
3671.97,55.80514260,37.41023149,159.64
3672.96,55.80513423,37.41022572,159.67
3673.95,55.80512585,37.41021996,159.71
3674.94,55.80511748,37.41021420,159.74
3675.94,55.80510911,37.41020843,159.77
3676.93,55.80510074,37.41020265,159.80
3677.92,55.80509237,37.41019684,159.83
3678.91,55.80508401,37.41019102,159.86
3679.91,55.80507565,37.41018519,159.90
3680.90,55.80506729,37.41017935,159.93
3681.89,55.80505894,37.41017351,159.96
3682.88,55.80505057,37.41016768,159.99
3683.88,55.80504221,37.41016189,160.03
3684.87,55.80503383,37.41015612,160.06
3685.86,55.80502545,37.41015039,160.10
3686.85,55.80501706,37.41014469,160.13
3687.85,55.80500867,37.41013903,160.17
3688.84,55.80500027,37.41013338,160.21
3689.83,55.80499186,37.41012776,160.25
3690.82,55.80498346,37.41012213,160.28
3691.82,55.80497506,37.41011651,160.32
3692.81,55.80496665,37.41011087,160.35
3693.80,55.80495826,37.41010521,160.39
3694.79,55.80494986,37.41009954,160.43
3695.78,55.80494147,37.41009385,160.46
3696.78,55.80493309,37.41008814,160.50
3697.77,55.80492470,37.41008242,160.53
3698.76,55.80491632,37.41007669,160.57
3699.75,55.80490794,37.41007096,160.61
3700.75,55.80489956,37.41006523,160.64
3701.74,55.80489118,37.41005950,160.68
3702.73,55.80488280,37.41005376,160.72
3703.72,55.80487441,37.41004804,160.75
3704.72,55.80486603,37.41004233,160.79
3705.71,55.80485764,37.41003663,160.82
3706.70,55.80484924,37.41003096,160.85
3707.69,55.80484085,37.41002530,160.89
3708.69,55.80483245,37.41001966,160.92
3709.68,55.80482404,37.41001403,160.95
3710.67,55.80481564,37.41000841,160.98
3711.66,55.80480724,37.41000277,161.01
3712.65,55.80479884,37.40999713,161.05
3713.65,55.80479044,37.40999148,161.08
3714.64,55.80478204,37.40998581,161.11
3715.63,55.80477365,37.40998014,161.14
3716.62,55.80476526,37.40997445,161.18
3717.62,55.80475687,37.40996876,161.21
3718.61,55.80474848,37.40996307,161.25
3719.60,55.80474009,37.40995737,161.28
3720.59,55.80473170,37.40995166,161.31
3721.58,55.80472332,37.40994595,161.35
3722.58,55.80471493,37.40994024,161.38
3723.57,55.80470655,37.40993453,161.42
3724.56,55.80469816,37.40992882,161.45
3725.55,55.80468977,37.40992312,161.49
3726.55,55.80468138,37.40991743,161.52
3727.54,55.80467299,37.40991176,161.56
3728.53,55.80466459,37.40990610,161.59
3729.52,55.80465619,37.40990046,161.63
3730.51,55.80464778,37.40989484,161.66
3731.51,55.80463938,37.40988923,161.70
3732.50,55.80463097,37.40988363,161.73
3733.49,55.80462256,37.40987804,161.77
3734.48,55.80461415,37.40987243,161.80
3735.48,55.80460574,37.40986681,161.84
3736.47,55.80459734,37.40986116,161.87
3737.46,55.80458895,37.40985549,161.91
3738.45,55.80458056,37.40984980,161.94
3739.44,55.80457217,37.40984409,161.98
3740.44,55.80456379,37.40983836,162.01
3741.43,55.80455541,37.40983263,162.05
3742.42,55.80454703,37.40982690,162.08
3743.41,55.80453865,37.40982118,162.12
3744.41,55.80453026,37.40981547,162.15
3745.40,55.80452187,37.40980977,162.19
3746.39,55.80451348,37.40980410,162.22
3747.38,55.80450508,37.40979846,162.26
3748.37,55.80449667,37.40979284,162.29
3749.36,55.80448826,37.40978725,162.33
3750.35,55.80447985,37.40978167,162.36
3751.34,55.80447143,37.40977610,162.40
3752.33,55.80446302,37.40977052,162.43
3753.33,55.80445461,37.40976493,162.47
3754.32,55.80444620,37.40975931,162.51
3755.31,55.80443780,37.40975366,162.54
3756.30,55.80442941,37.40974798,162.58
3757.29,55.80442102,37.40974227,162.61
3758.28,55.80441264,37.40973654,162.65
3759.27,55.80440426,37.40973080,162.69
3760.26,55.80439588,37.40972506,162.72
3761.26,55.80438750,37.40971933,162.76
3762.25,55.80437912,37.40971361,162.79
3763.24,55.80437073,37.40970791,162.83
3764.23,55.80436234,37.40970224,162.87
3765.22,55.80435394,37.40969658,162.90
3766.21,55.80434553,37.40969095,162.94
3767.20,55.80433713,37.40968534,162.98
3768.19,55.80432872,37.40967974,163.01
3769.18,55.80432031,37.40967414,163.05
3770.18,55.80431190,37.40966853,163.09
3771.17,55.80430350,37.40966290,163.13
3772.16,55.80429510,37.40965726,163.17
3773.15,55.80428670,37.40965159,163.21
3774.14,55.80427831,37.40964590,163.24
3775.13,55.80426992,37.40964020,163.28
3776.12,55.80426154,37.40963450,163.32
3777.11,55.80425315,37.40962881,163.36
3778.10,55.80424476,37.40962313,163.40
3779.10,55.80423636,37.40961747,163.44
3780.09,55.80422796,37.40961183,163.47
3781.08,55.80421955,37.40960621,163.51
3782.07,55.80421114,37.40960060,163.55
3783.06,55.80420274,37.40959499,163.59
3784.05,55.80419433,37.40958938,163.63
3785.05,55.80418593,37.40958374,163.67
3786.04,55.80417753,37.40957808,163.71
3787.03,55.80416914,37.40957240,163.75
3788.03,55.80416075,37.40956669,163.79
3789.02,55.80415237,37.40956096,163.83
3790.02,55.80414399,37.40955523,163.87
3791.01,55.80413561,37.40954950,163.91
3792.01,55.80412722,37.40954379,163.94
3793.00,55.80411884,37.40953808,163.98
3793.99,55.80411045,37.40953240,164.02
3794.99,55.80410205,37.40952673,164.06
3795.98,55.80409365,37.40952109,164.10
3796.98,55.80408525,37.40951546,164.14
3797.97,55.80407684,37.40950984,164.18
3798.97,55.80406843,37.40950423,164.22
3799.96,55.80406003,37.40949862,164.25
3800.95,55.80405162,37.40949302,164.29
3801.95,55.80404321,37.40948741,164.33
3802.94,55.80403481,37.40948178,164.37
3803.94,55.80402641,37.40947614,164.41
3804.93,55.80401801,37.40947049,164.45
3805.92,55.80400961,37.40946483,164.49
3806.92,55.80400122,37.40945916,164.53
3807.91,55.80399282,37.40945348,164.57
3808.91,55.80398443,37.40944779,164.61
3809.90,55.80397604,37.40944211,164.65
3810.90,55.80396765,37.40943643,164.69
3811.89,55.80395926,37.40943074,164.73
3812.88,55.80395087,37.40942506,164.78
3813.88,55.80394247,37.40941938,164.82
3814.87,55.80393408,37.40941371,164.86
3815.87,55.80392568,37.40940804,164.90
3816.86,55.80391729,37.40940238,164.94
3817.86,55.80390889,37.40939673,164.98
3818.85,55.80390049,37.40939110,165.02
3819.84,55.80389208,37.40938547,165.06
3820.84,55.80388368,37.40937985,165.10
3821.83,55.80387527,37.40937423,165.15
3822.83,55.80386687,37.40936861,165.19
3823.82,55.80385846,37.40936299,165.23
3824.81,55.80385006,37.40935736,165.27
3825.79,55.80384166,37.40935171,165.30
3826.78,55.80383326,37.40934606,165.34
3827.76,55.80382487,37.40934039,165.38
3828.75,55.80381647,37.40933472,165.42
3829.74,55.80380808,37.40932904,165.46
3830.72,55.80379969,37.40932336,165.50
3831.71,55.80379130,37.40931768,165.54
3832.69,55.80378290,37.40931200,165.58
3833.68,55.80377451,37.40930632,165.62
3834.67,55.80376612,37.40930064,165.66
3835.65,55.80375773,37.40929496,165.70
3836.64,55.80374934,37.40928927,165.74
3837.62,55.80374095,37.40928357,165.78
3838.61,55.80373256,37.40927786,165.82
3839.60,55.80372418,37.40927215,165.86
3840.58,55.80371579,37.40926645,165.90
3841.57,55.80370740,37.40926076,165.94
3842.55,55.80369901,37.40925507,165.98
3843.54,55.80369061,37.40924940,166.02
3844.50,55.80368222,37.40924374,166.06
3845.46,55.80367382,37.40923808,166.10
3846.42,55.80366542,37.40923242,166.14
3847.37,55.80365703,37.40922675,166.18
3848.33,55.80364864,37.40922107,166.22
3849.29,55.80364025,37.40921537,166.26
3850.25,55.80363187,37.40920965,166.30
3851.21,55.80362348,37.40920392,166.34
3852.17,55.80361511,37.40919818,166.38
3853.12,55.80360673,37.40919242,166.42
3854.08,55.80359835,37.40918667,166.46
3855.04,55.80358997,37.40918093,166.49
3856.00,55.80358159,37.40917520,166.53
3856.96,55.80357320,37.40916950,166.57
3857.92,55.80356481,37.40916381,166.61
3858.88,55.80355642,37.40915815,166.65
3859.83,55.80354802,37.40915251,166.69
3860.79,55.80353961,37.40914689,166.73
3861.75,55.80353120,37.40914127,166.77
3862.71,55.80352280,37.40913566,166.81
3863.69,55.80351439,37.40913004,166.85
3864.68,55.80350599,37.40912441,166.88
3865.67,55.80349759,37.40911876,166.92
3866.65,55.80348920,37.40911309,166.96
3867.64,55.80348081,37.40910741,167.00
3868.62,55.80347241,37.40910172,167.04
3869.61,55.80346402,37.40909603,167.08
3870.60,55.80345563,37.40909034,167.11
3871.58,55.80344724,37.40908465,167.15
3872.57,55.80343885,37.40907897,167.19
3873.55,55.80343046,37.40907328,167.22
3874.54,55.80342207,37.40906760,167.26
3875.53,55.80341368,37.40906191,167.30
3876.51,55.80340529,37.40905622,167.33
3877.50,55.80339690,37.40905052,167.36
3878.48,55.80338852,37.40904481,167.40
3879.47,55.80338013,37.40903908,167.43
3880.46,55.80337175,37.40903335,167.46
3881.44,55.80336338,37.40902759,167.49
3882.43,55.80335500,37.40902183,167.53
3883.42,55.80334663,37.40901605,167.56
3884.40,55.80333826,37.40901026,167.59
3885.39,55.80332989,37.40900448,167.62
3886.38,55.80332152,37.40899871,167.65
3887.36,55.80331315,37.40899295,167.68
3888.35,55.80330477,37.40898720,167.72
3889.34,55.80329639,37.40898147,167.75
3890.32,55.80328800,37.40897576,167.78
3891.31,55.80327961,37.40897006,167.81
3892.30,55.80327122,37.40896438,167.84
3893.28,55.80326283,37.40895870,167.87
3894.27,55.80325443,37.40895303,167.90
3895.26,55.80324604,37.40894735,167.93
3896.24,55.80323765,37.40894167,167.97
3897.23,55.80322926,37.40893598,168.00
3898.22,55.80322087,37.40893027,168.03
3899.20,55.80321249,37.40892456,168.06
3900.19,55.80320410,37.40891883,168.09
3901.18,55.80319572,37.40891310,168.12
3902.17,55.80318734,37.40890737,168.15
3903.16,55.80317896,37.40890163,168.18
3904.16,55.80317058,37.40889590,168.22
3905.15,55.80316220,37.40889016,168.25
3906.15,55.80315382,37.40888444,168.28
3907.14,55.80314544,37.40887871,168.31
3908.14,55.80313705,37.40887300,168.34
3909.13,55.80312867,37.40886729,168.37
3910.13,55.80312028,37.40886158,168.40
3911.12,55.80311189,37.40885586,168.43
3912.12,55.80310351,37.40885014,168.47
3913.11,55.80309513,37.40884441,168.50
3914.11,55.80308675,37.40883868,168.53
3915.10,55.80307837,37.40883294,168.56
3916.09,55.80306999,37.40882720,168.59
3917.09,55.80306161,37.40882147,168.62
3918.08,55.80305322,37.40881575,168.65
3919.08,55.80304484,37.40881005,168.68
3920.07,55.80303645,37.40880436,168.71
3921.07,55.80302805,37.40879868,168.74
3922.06,55.80301966,37.40879300,168.77
3923.06,55.80301127,37.40878733,168.80
3924.05,55.80300288,37.40878164,168.83
3925.05,55.80299449,37.40877593,168.86
3926.04,55.80298611,37.40877021,168.89
3927.04,55.80297773,37.40876448,168.91
3928.03,55.80296935,37.40875873,168.94
3929.03,55.80296097,37.40875297,168.97
3930.02,55.80295260,37.40874720,168.99
3931.02,55.80294422,37.40874145,169.02
3932.01,55.80293585,37.40873570,169.04
3933.01,55.80292746,37.40872997,169.07
3934.00,55.80291908,37.40872425,169.09
3935.00,55.80291069,37.40871855,169.12
3935.99,55.80290230,37.40871286,169.14
3936.99,55.80289391,37.40870717,169.16
3937.98,55.80288552,37.40870148,169.19
3938.98,55.80287714,37.40869577,169.21
3939.97,55.80286875,37.40869006,169.24
3940.97,55.80286037,37.40868433,169.26
3941.96,55.80285199,37.40867858,169.29
3942.96,55.80284362,37.40867282,169.31
3943.95,55.80283525,37.40866704,169.34
3944.95,55.80282687,37.40866127,169.37
3945.94,55.80281850,37.40865549,169.39
3946.94,55.80281013,37.40864972,169.42
3947.93,55.80280176,37.40864395,169.44
3948.93,55.80279338,37.40863819,169.47
3949.92,55.80278501,37.40863243,169.50
3950.92,55.80277663,37.40862668,169.52
3951.91,55.80276825,37.40862094,169.55
3952.91,55.80275987,37.40861520,169.57
3953.90,55.80275149,37.40860948,169.60
3954.90,55.80274310,37.40860377,169.63
3955.89,55.80273471,37.40859807,169.65
3956.89,55.80272632,37.40859238,169.68
3957.88,55.80271793,37.40858670,169.71
3958.88,55.80270954,37.40858100,169.73
3959.87,55.80270116,37.40857529,169.76
3960.87,55.80269278,37.40856956,169.78
3961.86,55.80268440,37.40856380,169.81
3962.87,55.80267603,37.40855803,169.83
3963.88,55.80266766,37.40855225,169.85
3964.88,55.80265929,37.40854646,169.88
3965.89,55.80265092,37.40854068,169.90
3966.90,55.80264255,37.40853492,169.92
3967.90,55.80263417,37.40852916,169.94
3968.91,55.80262579,37.40852343,169.97
3969.92,55.80261741,37.40851770,169.99
3970.93,55.80260902,37.40851198,170.01
3971.93,55.80260064,37.40850627,170.03
3972.94,55.80259225,37.40850054,170.06
3973.95,55.80258387,37.40849481,170.08
3974.95,55.80257549,37.40848908,170.10
3975.96,55.80256711,37.40848333,170.13
3976.97,55.80255874,37.40847758,170.15
3977.97,55.80255036,37.40847181,170.17
3978.98,55.80254199,37.40846604,170.19
3979.99,55.80253362,37.40846027,170.21
3980.99,55.80252525,37.40845449,170.24
3982.00,55.80251688,37.40844871,170.26
3983.00,55.80250851,37.40844293,170.28
3983.99,55.80250014,37.40843714,170.30
3984.99,55.80249177,37.40843135,170.33
3985.98,55.80248340,37.40842556,170.35
3986.98,55.80247503,37.40841978,170.37
3987.98,55.80246666,37.40841400,170.39
3988.97,55.80245829,37.40840824,170.41
3989.97,55.80244991,37.40840249,170.44
3990.96,55.80244153,37.40839676,170.46
3991.96,55.80243314,37.40839105,170.48
3992.96,55.80242476,37.40838534,170.50
3993.95,55.80241637,37.40837965,170.52
3994.95,55.80240798,37.40837395,170.53
3995.95,55.80239959,37.40836824,170.55
3996.94,55.80239121,37.40836252,170.57
3997.94,55.80238283,37.40835678,170.59
3998.93,55.80237446,37.40835101,170.61
3999.93,55.80236608,37.40834523,170.63
4000.93,55.80235772,37.40833944,170.65
4001.92,55.80234935,37.40833363,170.67
4002.93,55.80234099,37.40832782,170.69
4003.94,55.80233263,37.40832200,170.71
4004.94,55.80232426,37.40831619,170.72
4005.95,55.80231590,37.40831038,170.74
4006.96,55.80230753,37.40830458,170.76
4007.96,55.80229917,37.40829879,170.77
4008.97,55.80229079,37.40829301,170.79
4009.98,55.80228242,37.40828725,170.81
4010.98,55.80227404,37.40828149,170.83
4011.99,55.80226566,37.40827575,170.84
4013.00,55.80225729,37.40827001,170.86
4014.00,55.80224891,37.40826427,170.88
4015.01,55.80224053,37.40825853,170.90
4016.02,55.80223215,37.40825277,170.91
4017.02,55.80222378,37.40824700,170.93
4018.03,55.80221541,37.40824122,170.95
4019.04,55.80220704,37.40823542,170.96
4020.04,55.80219868,37.40822961,170.98
4021.05,55.80219031,37.40822381,170.99
4022.06,55.80218195,37.40821800,171.00
4023.05,55.80217359,37.40821219,171.02
4024.05,55.80216522,37.40820638,171.03
4025.05,55.80215686,37.40820057,171.04
4026.04,55.80214849,37.40819476,171.05
4027.04,55.80214013,37.40818894,171.07
4028.03,55.80213177,37.40818312,171.08
4029.03,55.80212341,37.40817730,171.09
4030.03,55.80211505,37.40817148,171.10
4031.02,55.80210668,37.40816567,171.11
4032.02,55.80209832,37.40815986,171.12
4033.01,55.80208995,37.40815408,171.13
4034.01,55.80208157,37.40814831,171.14
4035.01,55.80207320,37.40814256,171.15
4036.00,55.80206482,37.40813683,171.16
4037.00,55.80205643,37.40813112,171.16
4038.00,55.80204804,37.40812541,171.17
4038.99,55.80203966,37.40811970,171.18
4039.99,55.80203127,37.40811400,171.19
4040.98,55.80202289,37.40810827,171.20
4041.98,55.80201451,37.40810254,171.20
4042.99,55.80200613,37.40809678,171.21
4043.99,55.80199776,37.40809100,171.22
4045.00,55.80198939,37.40808522,171.23
4046.01,55.80198102,37.40807943,171.23
4047.02,55.80197265,37.40807364,171.24
4048.02,55.80196429,37.40806785,171.25
4049.03,55.80195591,37.40806207,171.26
4050.04,55.80194754,37.40805631,171.26
4051.04,55.80193916,37.40805055,171.27
4052.05,55.80193079,37.40804481,171.28
4053.06,55.80192241,37.40803907,171.29
4054.07,55.80191403,37.40803333,171.30
4055.07,55.80190565,37.40802758,171.30
4056.08,55.80189727,37.40802184,171.31
4057.09,55.80188890,37.40801608,171.32
4058.09,55.80188052,37.40801031,171.33
4059.10,55.80187215,37.40800452,171.33
4060.11,55.80186379,37.40799873,171.34
4061.11,55.80185542,37.40799292,171.35
4062.12,55.80184706,37.40798711,171.35
4063.12,55.80183870,37.40798129,171.36
4064.12,55.80183033,37.40797547,171.37
4065.11,55.80182197,37.40796966,171.37
4066.11,55.80181361,37.40796385,171.38
4067.11,55.80180524,37.40795805,171.39
4068.11,55.80179687,37.40795227,171.39
4069.10,55.80178850,37.40794650,171.40
4070.10,55.80178012,37.40794075,171.40
4071.10,55.80177174,37.40793502,171.41
4072.09,55.80176336,37.40792930,171.41
4073.09,55.80175497,37.40792358,171.42
4074.09,55.80174659,37.40791787,171.42
4075.09,55.80173820,37.40791215,171.42
4076.08,55.80172982,37.40790641,171.43
4077.08,55.80172145,37.40790066,171.43
4078.08,55.80171307,37.40789489,171.43
4079.08,55.80170470,37.40788910,171.44
4080.07,55.80169634,37.40788329,171.44
4081.07,55.80168798,37.40787748,171.44
4082.07,55.80167962,37.40787165,171.45
4083.07,55.80167126,37.40786582,171.45
4084.06,55.80166290,37.40785999,171.45
4085.06,55.80165454,37.40785415,171.45
4086.06,55.80164618,37.40784832,171.46
4087.06,55.80163782,37.40784250,171.46
4088.05,55.80162946,37.40783668,171.46
4089.05,55.80162109,37.40783087,171.47
4090.05,55.80161273,37.40782507,171.47
4091.04,55.80160436,37.40781927,171.47
4092.04,55.80159599,37.40781347,171.48
4093.04,55.80158763,37.40780767,171.48
4094.04,55.80157926,37.40780186,171.48
4095.03,55.80157090,37.40779605,171.48
4096.03,55.80156254,37.40779023,171.49
4097.03,55.80155418,37.40778440,171.49
4098.03,55.80154582,37.40777858,171.49
4099.02,55.80153746,37.40777276,171.50
4100.02,55.80152909,37.40776695,171.50
4101.02,55.80152073,37.40776114,171.50
4102.02,55.80151236,37.40775535,171.51
4103.01,55.80150399,37.40774958,171.51
4104.00,55.80149561,37.40774381,171.51
4104.99,55.80148724,37.40773806,171.51
4105.99,55.80147886,37.40773232,171.52
4106.98,55.80147048,37.40772658,171.52
4107.97,55.80146210,37.40772084,171.52
4108.96,55.80145372,37.40771510,171.53
4109.96,55.80144534,37.40770936,171.53
4110.95,55.80143696,37.40770362,171.54
4111.94,55.80142858,37.40769787,171.54
4112.93,55.80142021,37.40769212,171.54
4113.93,55.80141183,37.40768636,171.55
4114.92,55.80140346,37.40768059,171.55
4115.91,55.80139509,37.40767481,171.56
4116.91,55.80138672,37.40766902,171.56
4117.90,55.80137835,37.40766322,171.57
4118.89,55.80136999,37.40765741,171.57
4119.88,55.80136163,37.40765160,171.58
4120.88,55.80135326,37.40764578,171.58
4121.87,55.80134490,37.40763995,171.59
4122.86,55.80133654,37.40763413,171.59
4123.85,55.80132818,37.40762830,171.60
4124.84,55.80131982,37.40762247,171.60
4125.83,55.80131146,37.40761665,171.61
4126.82,55.80130310,37.40761083,171.61
4127.81,55.80129474,37.40760502,171.62
4128.80,55.80128637,37.40759922,171.62
4129.79,55.80127800,37.40759342,171.62
4130.78,55.80126964,37.40758762,171.63
4131.77,55.80126127,37.40758183,171.63
4132.76,55.80125290,37.40757605,171.64
4133.75,55.80124453,37.40757027,171.64
4134.74,55.80123616,37.40756449,171.64
4135.73,55.80122779,37.40755871,171.65
4136.72,55.80121941,37.40755294,171.65
4137.71,55.80121104,37.40754716,171.66
4138.70,55.80120267,37.40754137,171.66
4139.69,55.80119431,37.40753558,171.67
4140.68,55.80118594,37.40752978,171.67
4141.67,55.80117757,37.40752398,171.67
4142.67,55.80116921,37.40751818,171.68
4143.66,55.80116084,37.40751238,171.68
4144.65,55.80115247,37.40750659,171.69
4145.64,55.80114410,37.40750081,171.69
4146.64,55.80113573,37.40749504,171.70
4147.63,55.80112736,37.40748928,171.70
4148.62,55.80111898,37.40748352,171.71
4149.61,55.80111061,37.40747776,171.71
4150.61,55.80110223,37.40747199,171.72
4151.60,55.80109386,37.40746620,171.72
4152.59,55.80108550,37.40746040,171.73
4153.59,55.80107713,37.40745459,171.73
4154.58,55.80106877,37.40744877,171.74
4155.57,55.80106041,37.40744294,171.74
4156.56,55.80105205,37.40743711,171.75
4157.56,55.80104369,37.40743130,171.76
4158.55,55.80103532,37.40742549,171.76
4159.54,55.80102696,37.40741971,171.77
4160.53,55.80101858,37.40741394,171.77
4161.53,55.80101021,37.40740818,171.78
4162.52,55.80100183,37.40740243,171.78
4163.52,55.80099345,37.40739669,171.79
4164.52,55.80098507,37.40739094,171.79
4165.51,55.80097670,37.40738518,171.79
4166.51,55.80096833,37.40737940,171.80
4167.50,55.80095996,37.40737360,171.80
4168.50,55.80095160,37.40736778,171.81
4169.50,55.80094324,37.40736194,171.81
4170.49,55.80093489,37.40735609,171.82
4171.49,55.80092654,37.40735023,171.82
4172.49,55.80091818,37.40734438,171.82
4173.48,55.80090982,37.40733854,171.83
4174.48,55.80090146,37.40733273,171.83
4175.48,55.80089309,37.40732693,171.84
4176.47,55.80088472,37.40732114,171.84
4177.47,55.80087635,37.40731537,171.85
4178.47,55.80086798,37.40730960,171.85
4179.46,55.80085961,37.40730383,171.86
4180.46,55.80085123,37.40729806,171.86
4181.45,55.80084286,37.40729229,171.87
4182.46,55.80083449,37.40728650,171.87
4183.46,55.80082612,37.40728071,171.88
4184.46,55.80081776,37.40727492,171.88
4185.46,55.80080939,37.40726911,171.89
4186.46,55.80080103,37.40726331,171.89
4187.47,55.80079266,37.40725749,171.90
4188.47,55.80078430,37.40725168,171.90
4189.47,55.80077594,37.40724586,171.91
4190.47,55.80076758,37.40724005,171.91
4191.47,55.80075921,37.40723423,171.92
4192.48,55.80075085,37.40722843,171.93
4193.48,55.80074248,37.40722263,171.93
4194.48,55.80073411,37.40721684,171.94
4195.48,55.80072574,37.40721105,171.94
4196.48,55.80071737,37.40720526,171.95
4197.49,55.80070901,37.40719947,171.95
4198.49,55.80070064,37.40719368,171.96
4199.49,55.80069227,37.40718788,171.97
4200.49,55.80068391,37.40718207,171.97
4201.49,55.80067554,37.40717627,171.98
4202.50,55.80066717,37.40717048,171.99
4203.50,55.80065881,37.40716469,171.99
4204.50,55.80065043,37.40715891,172.00
4205.50,55.80064206,37.40715315,172.01
4206.50,55.80063369,37.40714739,172.01
4207.51,55.80062531,37.40714164,172.02
4208.51,55.80061693,37.40713588,172.03
4209.51,55.80060856,37.40713011,172.03
4210.51,55.80060019,37.40712433,172.04
4211.51,55.80059182,37.40711853,172.04
4212.52,55.80058346,37.40711273,172.05
4213.52,55.80057510,37.40710690,172.06
4214.52,55.80056674,37.40710108,172.06
4215.52,55.80055837,37.40709526,172.07
4216.52,55.80055001,37.40708944,172.07
4217.53,55.80054165,37.40708362,172.08
4218.53,55.80053329,37.40707781,172.08
4219.53,55.80052492,37.40707200,172.08
4220.53,55.80051656,37.40706618,172.09
4221.53,55.80050820,37.40706037,172.09
4222.54,55.80049983,37.40705456,172.10
4223.54,55.80049147,37.40704875,172.10
4224.54,55.80048310,37.40704295,172.10
4225.54,55.80047473,37.40703716,172.11
4226.54,55.80046636,37.40703139,172.11
4227.55,55.80045799,37.40702563,172.11
4228.55,55.80044961,37.40701988,172.12
4229.55,55.80044123,37.40701415,172.12
4230.55,55.80043284,37.40700844,172.12
4231.55,55.80042446,37.40700274,172.13
4232.56,55.80041606,37.40699706,172.13
4233.56,55.80040767,37.40699139,172.13
4234.56,55.80039927,37.40698574,172.13
4235.56,55.80039087,37.40698010,172.14
4236.56,55.80038247,37.40697446,172.14
4237.57,55.80037407,37.40696881,172.14
4238.57,55.80036567,37.40696316,172.15
4239.57,55.80035728,37.40695748,172.15
4240.57,55.80034890,37.40695176,172.15
4241.57,55.80034053,37.40694598,172.15
4242.55,55.80033217,37.40694012,172.15
4243.53,55.80032384,37.40693418,172.15
4244.51,55.80031553,37.40692814,172.15
4245.49,55.80030724,37.40692198,172.15
4246.47,55.80029898,37.40691572,172.15
4247.45,55.80029075,37.40690934,172.15
4248.43,55.80028254,37.40690286,172.15
4249.41,55.80027437,37.40689627,172.16
4250.39,55.80026621,37.40688957,172.16
4251.37,55.80025809,37.40688277,172.16
4252.35,55.80025000,37.40687586,172.16
4253.33,55.80024193,37.40686885,172.16
4254.31,55.80023389,37.40686175,172.16
4255.29,55.80022588,37.40685455,172.16
4256.27,55.80021789,37.40684725,172.17
4257.25,55.80020993,37.40683986,172.17
4258.23,55.80020200,37.40683238,172.17
4259.21,55.80019410,37.40682480,172.17
4260.19,55.80018623,37.40681711,172.18
4261.17,55.80017839,37.40680932,172.18
4262.15,55.80017059,37.40680142,172.18
4263.13,55.80016283,37.40679341,172.18
4264.11,55.80015510,37.40678527,172.19
4265.09,55.80014742,37.40677701,172.19
4266.07,55.80013978,37.40676862,172.19
4267.05,55.80013219,37.40676011,172.20
4268.03,55.80012463,37.40675149,172.20
4269.01,55.80011712,37.40674275,172.20
4269.99,55.80010965,37.40673389,172.20
4270.97,55.80010223,37.40672492,172.21
4271.95,55.80009484,37.40671585,172.21
4272.93,55.80008750,37.40670667,172.21
4273.91,55.80008020,37.40669737,172.21
4274.89,55.80007295,37.40668796,172.21
4275.87,55.80006575,37.40667844,172.22
4276.85,55.80005859,37.40666881,172.22
4277.83,55.80005147,37.40665909,172.22
4278.81,55.80004439,37.40664928,172.22
4279.79,55.80003734,37.40663940,172.22
4280.77,55.80003032,37.40662945,172.22
4281.77,55.80002333,37.40661944,172.22
4282.76,55.80001638,37.40660935,172.22
4283.75,55.80000946,37.40659917,172.22
4284.75,55.80000258,37.40658892,172.23
4285.74,55.79999575,37.40657858,172.23
4286.73,55.79998894,37.40656817,172.23
4287.73,55.79998218,37.40655768,172.23
4288.72,55.79997545,37.40654713,172.23
4289.71,55.79996874,37.40653652,172.23
4290.71,55.79996206,37.40652586,172.23
4291.70,55.79995540,37.40651517,172.23
4292.69,55.79994876,37.40650443,172.24
4293.69,55.79994215,37.40649364,172.24
4294.68,55.79993557,37.40648279,172.24
4295.67,55.79992902,37.40647187,172.24
4296.67,55.79992251,37.40646089,172.24
4297.66,55.79991603,37.40644985,172.24
4298.65,55.79990958,37.40643874,172.25
4299.64,55.79990318,37.40642757,172.25
4300.64,55.79989681,37.40641632,172.25
4301.63,55.79989048,37.40640501,172.25
4302.63,55.79988419,37.40639363,172.25
4303.62,55.79987794,37.40638218,172.25
4304.61,55.79987172,37.40637067,172.26
4305.61,55.79986555,37.40635910,172.26
4306.60,55.79985941,37.40634746,172.26
4307.60,55.79985330,37.40633576,172.26
4308.59,55.79984723,37.40632401,172.27
4309.59,55.79984119,37.40631222,172.27
4310.58,55.79983518,37.40630037,172.27
4311.57,55.79982919,37.40628849,172.27
4312.57,55.79982322,37.40627657,172.27
4313.56,55.79981728,37.40626462,172.28
4314.56,55.79981135,37.40625264,172.28
4315.55,55.79980544,37.40624063,172.28
4316.54,55.79979956,37.40622858,172.28
4317.54,55.79979370,37.40621651,172.28
4318.53,55.79978786,37.40620439,172.28
4319.53,55.79978206,37.40619222,172.29
4320.52,55.79977630,37.40617998,172.29
4321.52,55.79977059,37.40616767,172.29
4322.51,55.79976493,37.40615529,172.29
4323.50,55.79975933,37.40614282,172.30
4324.50,55.79975378,37.40613029,172.30
4325.49,55.79974828,37.40611768,172.30
4326.49,55.79974284,37.40610500,172.31
4327.48,55.79973743,37.40609226,172.31
4328.47,55.79973206,37.40607949,172.32
4329.47,55.79972672,37.40606667,172.32
4330.46,55.79972140,37.40605382,172.33
4331.46,55.79971611,37.40604093,172.33
4332.45,55.79971084,37.40602802,172.34
4333.45,55.79970560,37.40601508,172.34
4334.44,55.79970038,37.40600210,172.35
4335.43,55.79969520,37.40598907,172.36
4336.43,55.79969005,37.40597600,172.36
4337.42,55.79968495,37.40596288,172.37
4338.42,55.79967989,37.40594971,172.37
4339.41,55.79967487,37.40593649,172.38
4340.40,55.79966989,37.40592322,172.38
4341.40,55.79966495,37.40590990,172.38
4342.39,55.79966006,37.40589653,172.39
4343.39,55.79965520,37.40588312,172.39
4344.38,55.79965039,37.40586965,172.39
4345.38,55.79964564,37.40585612,172.39
4346.37,55.79964095,37.40584253,172.40
4347.36,55.79963631,37.40582887,172.40
4348.36,55.79963174,37.40581515,172.40
4349.35,55.79962722,37.40580137,172.40
4350.35,55.79962276,37.40578753,172.40
4351.34,55.79961833,37.40577366,172.40
4352.33,55.79961395,37.40575974,172.40
4353.33,55.79960960,37.40574579,172.41
4354.32,55.79960529,37.40573180,172.41
4355.32,55.79960101,37.40571778,172.41
4356.31,55.79959678,37.40570372,172.41
4357.31,55.79959259,37.40568962,172.41
4358.30,55.79958845,37.40567546,172.42
4359.29,55.79958437,37.40566126,172.42
4360.29,55.79958035,37.40564700,172.43
4361.28,55.79957639,37.40563269,172.43
4362.28,55.79957248,37.40561833,172.43
4363.27,55.79956864,37.40560392,172.44
4364.27,55.79956485,37.40558947,172.44
4365.26,55.79956112,37.40557496,172.45
4366.26,55.79955744,37.40556042,172.45
4367.25,55.79955380,37.40554584,172.46
4368.24,55.79955021,37.40553123,172.46
4369.24,55.79954666,37.40551658,172.47
4370.23,55.79954315,37.40550190,172.47
4371.23,55.79953967,37.40548720,172.48
4372.22,55.79953623,37.40547247,172.48
4373.22,55.79953283,37.40545772,172.49
4374.21,55.79952947,37.40544293,172.49
4375.21,55.79952614,37.40542812,172.50
4376.20,55.79952285,37.40541329,172.50
4377.19,55.79951960,37.40539842,172.50
4378.19,55.79951640,37.40538352,172.51
4379.18,55.79951325,37.40536859,172.51
4380.18,55.79951014,37.40535364,172.52
4381.17,55.79950708,37.40533864,172.52
4382.17,55.79950409,37.40532361,172.53
4383.16,55.79950116,37.40530853,172.53
4384.16,55.79949831,37.40529342,172.53
4385.15,55.79949552,37.40527826,172.54
4386.15,55.79949282,37.40526305,172.54
4387.14,55.79949019,37.40524781,172.54
4388.13,55.79948763,37.40523252,172.55
4389.13,55.79948514,37.40521720,172.55
4390.12,55.79948271,37.40520185,172.55
4391.12,55.79948034,37.40518648,172.56
4392.11,55.79947801,37.40517108,172.56
4393.11,55.79947572,37.40515566,172.56
4394.10,55.79947348,37.40514022,172.57
4395.10,55.79947128,37.40512476,172.57
4396.09,55.79946913,37.40510928,172.57
4397.08,55.79946703,37.40509377,172.58
4398.08,55.79946499,37.40507825,172.58
4399.07,55.79946301,37.40506270,172.58
4400.07,55.79946109,37.40504712,172.59
4401.06,55.79945925,37.40503151,172.59
4402.06,55.79945747,37.40501589,172.60
4403.05,55.79945576,37.40500023,172.60
4404.05,55.79945412,37.40498456,172.61
4405.04,55.79945255,37.40496886,172.61
4406.04,55.79945103,37.40495314,172.62
4407.03,55.79944957,37.40493741,172.62
4408.02,55.79944816,37.40492166,172.63
4409.02,55.79944680,37.40490590,172.64
4410.01,55.79944547,37.40489013,172.64
4411.01,55.79944417,37.40487436,172.65
4412.00,55.79944290,37.40485857,172.65
4413.00,55.79944164,37.40484279,172.66
4413.99,55.79944039,37.40482700,172.66
4414.99,55.79943914,37.40481121,172.67
4415.98,55.79943788,37.40479542,172.67
4416.97,55.79943662,37.40477963,172.68
4417.97,55.79943535,37.40476385,172.68
4418.96,55.79943406,37.40474807,172.69
4419.96,55.79943276,37.40473229,172.70
4420.95,55.79943145,37.40471652,172.70
4421.95,55.79943014,37.40470075,172.70
4422.94,55.79942881,37.40468497,172.71
4423.93,55.79942749,37.40466920,172.71
4424.93,55.79942616,37.40465343,172.72
4425.92,55.79942484,37.40463766,172.72
4426.91,55.79942351,37.40462189,172.73
4427.91,55.79942220,37.40460612,172.73
4428.90,55.79942088,37.40459035,172.73
4429.90,55.79941957,37.40457457,172.74
4430.89,55.79941827,37.40455880,172.74
4431.88,55.79941696,37.40454302,172.75
4432.88,55.79941566,37.40452725,172.75
4433.87,55.79941437,37.40451147,172.75
4434.86,55.79941308,37.40449569,172.76
4435.86,55.79941179,37.40447991,172.76
4436.85,55.79941050,37.40446413,172.77
4437.85,55.79940922,37.40444835,172.77
4438.84,55.79940794,37.40443257,172.78
4439.83,55.79940666,37.40441678,172.78
4440.83,55.79940538,37.40440100,172.79
4441.82,55.79940409,37.40438522,172.79
4442.81,55.79940280,37.40436944,172.79
4443.81,55.79940151,37.40435367,172.80
4444.80,55.79940021,37.40433789,172.80
4445.80,55.79939891,37.40432211,172.80
4446.79,55.79939762,37.40430633,172.81
4447.78,55.79939632,37.40429056,172.81
4448.78,55.79939503,37.40427478,172.81
4449.77,55.79939374,37.40425900,172.82
4450.76,55.79939245,37.40424322,172.82
4451.76,55.79939116,37.40422744,172.82
4452.75,55.79938987,37.40421166,172.83
4453.75,55.79938858,37.40419588,172.83
4454.74,55.79938728,37.40418010,172.83
4455.73,55.79938598,37.40416433,172.83
4456.73,55.79938467,37.40414855,172.84
4457.72,55.79938337,37.40413278,172.84
4458.71,55.79938206,37.40411700,172.85
4459.71,55.79938075,37.40410123,172.85
4460.71,55.79937944,37.40408546,172.85
4461.70,55.79937812,37.40406968,172.86
4462.70,55.79937681,37.40405391,172.86
4463.70,55.79937550,37.40403814,172.87
4464.69,55.79937419,37.40402236,172.87
4465.69,55.79937288,37.40400659,172.87
4466.69,55.79937158,37.40399081,172.88
4467.69,55.79937027,37.40397504,172.89
4468.68,55.79936897,37.40395926,172.89
4469.68,55.79936767,37.40394348,172.90
4470.68,55.79936637,37.40392771,172.90
4471.68,55.79936508,37.40391193,172.91
4472.67,55.79936379,37.40389615,172.91
4473.67,55.79936251,37.40388037,172.92
4474.67,55.79936124,37.40386458,172.93
4475.67,55.79935996,37.40384880,172.93
4476.66,55.79935868,37.40383302,172.94
4477.66,55.79935741,37.40381724,172.94
4478.66,55.79935613,37.40380145,172.95
4479.65,55.79935484,37.40378567,172.96
4480.65,55.79935356,37.40376989,172.96
4481.65,55.79935227,37.40375411,172.97
4482.65,55.79935098,37.40373833,172.98
4483.65,55.79934968,37.40372256,172.98
4484.65,55.79934839,37.40370678,172.99
4485.65,55.79934710,37.40369100,173.00
4486.65,55.79934581,37.40367522,173.00
4487.65,55.79934452,37.40365944,173.01
4488.65,55.79934324,37.40364366,173.02
4489.65,55.79934195,37.40362788,173.02
4490.65,55.79934066,37.40361210,173.03
4491.65,55.79933937,37.40359632,173.04
4492.65,55.79933808,37.40358054,173.04
4493.65,55.79933679,37.40356476,173.05
4494.65,55.79933549,37.40354898,173.06
4495.65,55.79933419,37.40353321,173.07
4496.65,55.79933288,37.40351743,173.08
4497.65,55.79933158,37.40350166,173.08
4498.65,55.79933027,37.40348588,173.09
4499.65,55.79932896,37.40347011,173.10
4500.65,55.79932766,37.40345433,173.11
4501.65,55.79932636,37.40343856,173.12
4502.64,55.79932506,37.40342278,173.12
4503.64,55.79932378,37.40340700,173.13
4504.64,55.79932250,37.40339122,173.14
4505.64,55.79932123,37.40337543,173.15
4506.63,55.79931996,37.40335965,173.16
4507.63,55.79931870,37.40334386,173.16
4508.63,55.79931743,37.40332808,173.17
4509.63,55.79931617,37.40331229,173.18
4510.62,55.79931490,37.40329651,173.18
4511.62,55.79931363,37.40328072,173.19
4512.62,55.79931235,37.40326494,173.20
4513.62,55.79931107,37.40324916,173.20
4514.61,55.79930980,37.40323337,173.21
4515.61,55.79930853,37.40321759,173.22
4516.61,55.79930726,37.40320181,173.22
4517.60,55.79930599,37.40318602,173.23
4518.60,55.79930472,37.40317024,173.23
4519.60,55.79930345,37.40315445,173.24
4520.61,55.79930217,37.40313867,173.25
4521.61,55.79930089,37.40312289,173.25
4522.62,55.79929959,37.40310711,173.26
4523.63,55.79929829,37.40309133,173.26
4524.63,55.79929699,37.40307556,173.27
4525.64,55.79929569,37.40305978,173.27
4526.65,55.79929440,37.40304400,173.28
4527.66,55.79929312,37.40302822,173.28
4528.66,55.79929186,37.40301244,173.29
4529.67,55.79929060,37.40299665,173.29
4530.68,55.79928934,37.40298086,173.30
4531.68,55.79928809,37.40296507,173.31
4532.69,55.79928684,37.40294928,173.31
4533.70,55.79928558,37.40293349,173.32
4534.70,55.79928431,37.40291771,173.32
4535.71,55.79928304,37.40290193,173.33
4536.72,55.79928176,37.40288615,173.34
4537.73,55.79928047,37.40287037,173.35
4538.73,55.79927918,37.40285459,173.35
4539.74,55.79927789,37.40283881,173.36
4540.73,55.79927659,37.40282303,173.36
4541.71,55.79927529,37.40280725,173.37
4542.70,55.79927399,37.40279148,173.38
4543.68,55.79927268,37.40277570,173.38
4544.67,55.79927138,37.40275993,173.39
4545.66,55.79927008,37.40274415,173.39
4546.64,55.79926878,37.40272837,173.40
4547.63,55.79926749,37.40271259,173.41
4548.61,55.79926621,37.40269681,173.41
4549.60,55.79926494,37.40268103,173.42
4550.59,55.79926367,37.40266524,173.43
4551.57,55.79926240,37.40264946,173.43
4552.56,55.79926114,37.40263367,173.44
4553.54,55.79925987,37.40261789,173.45
4554.53,55.79925859,37.40260211,173.45
4555.52,55.79925731,37.40258633,173.46
4556.50,55.79925601,37.40257055,173.46
4557.49,55.79925472,37.40255477,173.47
4558.47,55.79925341,37.40253899,173.47
4559.46,55.79925211,37.40252322,173.48
4560.45,55.79925081,37.40250744,173.48
4561.44,55.79924950,37.40249167,173.49
4562.43,55.79924821,37.40247589,173.49
4563.42,55.79924691,37.40246011,173.50
4564.41,55.79924562,37.40244433,173.51
4565.40,55.79924434,37.40242855,173.51
4566.40,55.79924305,37.40241277,173.52
4567.39,55.79924177,37.40239699,173.52
4568.38,55.79924048,37.40238121,173.53
4569.37,55.79923919,37.40236543,173.54
4570.36,55.79923788,37.40234966,173.54
4571.35,55.79923658,37.40233388,173.55
4572.34,55.79923527,37.40231811,173.55
4573.33,55.79923396,37.40230233,173.56
4574.32,55.79923266,37.40228656,173.56
4575.31,55.79923137,37.40227078,173.57
4576.30,55.79923008,37.40225500,173.58
4577.29,55.79922880,37.40223922,173.58
4578.28,55.79922753,37.40222343,173.59
4579.28,55.79922627,37.40220765,173.59
4580.27,55.79922501,37.40219186,173.60
4581.26,55.79922375,37.40217607,173.61
4582.25,55.79922248,37.40216029,173.61
4583.24,55.79922122,37.40214450,173.62
4584.23,55.79921996,37.40212871,173.62
4585.22,55.79921869,37.40211293,173.63
4586.21,55.79921741,37.40209715,173.64
4587.20,55.79921613,37.40208137,173.64
4588.19,55.79921484,37.40206559,173.65
4589.18,55.79921355,37.40204981,173.66
4590.17,55.79921225,37.40203403,173.66
4591.16,55.79921096,37.40201825,173.67
4592.16,55.79920966,37.40200248,173.68
4593.15,55.79920838,37.40198669,173.68
4594.14,55.79920710,37.40197091,173.69
4595.13,55.79920584,37.40195513,173.70
4596.12,55.79920458,37.40193934,173.70
4597.11,55.79920333,37.40192355,173.71
4598.10,55.79920207,37.40190776,173.72
4599.09,55.79920082,37.40189197,173.72
4600.09,55.79919955,37.40187619,173.73
4601.09,55.79919828,37.40186041,173.74
4602.08,55.79919699,37.40184463,173.74
4603.08,55.79919568,37.40182885,173.75
4604.08,55.79919437,37.40181308,173.76
4605.08,55.79919306,37.40179731,173.77
4606.07,55.79919174,37.40178153,173.77
4607.07,55.79919043,37.40176576,173.78
4608.07,55.79918913,37.40174998,173.78
4609.07,55.79918784,37.40173420,173.79
4610.06,55.79918657,37.40171842,173.80
4611.06,55.79918531,37.40170263,173.80
4612.06,55.79918406,37.40168684,173.81
4613.06,55.79918282,37.40167105,173.82
4614.05,55.79918157,37.40165526,173.82
4615.05,55.79918032,37.40163947,173.83
4616.05,55.79917907,37.40162368,173.84
4617.05,55.79917781,37.40160790,173.85
4618.04,55.79917654,37.40159211,173.85
4619.04,55.79917526,37.40157633,173.86
4620.04,55.79917397,37.40156055,173.87
4621.04,55.79917267,37.40154477,173.88
4622.03,55.79917137,37.40152900,173.88
4623.03,55.79917007,37.40151322,173.89
4624.03,55.79916876,37.40149745,173.90
4625.03,55.79916745,37.40148167,173.91
4626.02,55.79916615,37.40146590,173.92
4627.02,55.79916486,37.40145012,173.92
4628.02,55.79916358,37.40143434,173.93
4629.02,55.79916231,37.40141855,173.94
4630.01,55.79916105,37.40140277,173.95
4631.01,55.79915979,37.40138698,173.96
4632.01,55.79915854,37.40137119,173.97
4633.01,55.79915728,37.40135540,173.98
4634.00,55.79915601,37.40133962,173.98
4635.00,55.79915474,37.40132383,173.99
4636.00,55.79915346,37.40130805,174.00
4637.00,55.79915217,37.40129227,174.01
4638.00,55.79915087,37.40127650,174.02
4638.99,55.79914957,37.40126072,174.02
4639.99,55.79914827,37.40124494,174.03
4640.99,55.79914698,37.40122916,174.04
4641.98,55.79914570,37.40121338,174.04
4642.98,55.79914443,37.40119760,174.05
4643.98,55.79914317,37.40118181,174.06
4644.97,55.79914193,37.40116602,174.07
4645.97,55.79914070,37.40115023,174.07
4646.97,55.79913947,37.40113443,174.08
4647.96,55.79913825,37.40111864,174.09
4648.96,55.79913701,37.40110284,174.09
4649.96,55.79913576,37.40108705,174.10
4650.95,55.79913449,37.40107127,174.11
4651.95,55.79913320,37.40105549,174.12
4652.95,55.79913189,37.40103972,174.12
4653.94,55.79913057,37.40102395,174.13
4654.94,55.79912923,37.40100818,174.14
4655.94,55.79912791,37.40099241,174.15
4656.93,55.79912658,37.40097664,174.15
4657.93,55.79912527,37.40096086,174.16
4658.93,55.79912398,37.40094509,174.17
4659.92,55.79912271,37.40092930,174.18
4660.92,55.79912146,37.40091351,174.19
4661.92,55.79912023,37.40089772,174.20
4662.91,55.79911901,37.40088192,174.20
4663.91,55.79911780,37.40086612,174.21
4664.91,55.79911658,37.40085033,174.22
4665.90,55.79911536,37.40083453,174.23
4666.90,55.79911413,37.40081874,174.24
4667.90,55.79911288,37.40080295,174.25
4668.89,55.79911161,37.40078716,174.26
4669.89,55.79911032,37.40077138,174.26
4670.89,55.79910901,37.40075561,174.27
4671.88,55.79910769,37.40073984,174.28
4672.88,55.79910635,37.40072407,174.29
4673.88,55.79910500,37.40070831,174.30
4674.87,55.79910364,37.40069255,174.30
4675.87,55.79910229,37.40067678,174.31
4676.87,55.79910095,37.40066102,174.32
4677.86,55.79909963,37.40064525,174.33
4678.86,55.79909833,37.40062947,174.34
4679.86,55.79909705,37.40061369,174.35
4680.86,55.79909579,37.40059790,174.36
4681.86,55.79909455,37.40058211,174.36
4682.86,55.79909331,37.40056632,174.37
4683.86,55.79909209,37.40055052,174.38
4684.85,55.79909086,37.40053473,174.39
4685.85,55.79908963,37.40051894,174.39
4686.85,55.79908839,37.40050314,174.40
4687.85,55.79908714,37.40048735,174.41
4688.85,55.79908588,37.40047157,174.42
4689.85,55.79908461,37.40045578,174.43
4690.85,55.79908333,37.40044000,174.44
4691.85,55.79908203,37.40042422,174.44
4692.85,55.79908073,37.40040845,174.45
4693.85,55.79907942,37.40039267,174.46
4694.85,55.79907811,37.40037690,174.47
4695.85,55.79907680,37.40036113,174.47
4696.85,55.79907548,37.40034535,174.48
4697.84,55.79907417,37.40032958,174.49
4698.84,55.79907286,37.40031381,174.49
4699.84,55.79907156,37.40029803,174.50
4700.84,55.79907026,37.40028225,174.51
4701.84,55.79906896,37.40026648,174.52
4702.84,55.79906767,37.40025070,174.52
4703.84,55.79906638,37.40023492,174.53
4704.84,55.79906510,37.40021914,174.54
4705.84,55.79906383,37.40020335,174.55
4706.84,55.79906255,37.40018757,174.55
4707.84,55.79906128,37.40017179,174.56
4708.84,55.79906001,37.40015600,174.57
4709.84,55.79905874,37.40014022,174.58
4710.84,55.79905746,37.40012444,174.59
4711.84,55.79905618,37.40010865,174.60
4712.84,55.79905490,37.40009287,174.60
4713.84,55.79905361,37.40007710,174.61
4714.84,55.79905232,37.40006132,174.62
4715.84,55.79905103,37.40004554,174.63
4716.84,55.79904975,37.40002976,174.64
4717.84,55.79904846,37.40001397,174.65
4718.84,55.79904719,37.39999819,174.66
4719.84,55.79904592,37.39998241,174.67
4720.85,55.79904465,37.39996662,174.68
4721.85,55.79904337,37.39995084,174.69
4722.86,55.79904210,37.39993506,174.70
4723.86,55.79904082,37.39991928,174.71
4724.86,55.79903954,37.39990349,174.72
4725.87,55.79903825,37.39988771,174.73
4726.87,55.79903696,37.39987194,174.75
4727.88,55.79903567,37.39985616,174.76
4728.88,55.79903437,37.39984038,174.77
4729.89,55.79903308,37.39982460,174.78
4730.89,55.79903178,37.39980882,174.79
4731.90,55.79903049,37.39979305,174.81
4732.90,55.79902920,37.39977727,174.82
4733.91,55.79902792,37.39976149,174.83
4734.91,55.79902664,37.39974570,174.84
4735.92,55.79902536,37.39972992,174.85
4736.92,55.79902408,37.39971414,174.86
4737.93,55.79902280,37.39969836,174.87
4738.93,55.79902152,37.39968258,174.88
4739.94,55.79902024,37.39966680,174.89
4740.94,55.79901895,37.39965102,174.90
4741.95,55.79901766,37.39963524,174.92
4742.95,55.79901636,37.39961946,174.93
4743.96,55.79901505,37.39960369,174.94
4744.96,55.79901375,37.39958791,174.95
4745.97,55.79901246,37.39957213,174.96
4746.97,55.79901118,37.39955635,174.97
4747.98,55.79900990,37.39954057,174.98
4748.98,55.79900864,37.39952478,174.99
4749.99,55.79900739,37.39950899,175.00
4750.99,55.79900614,37.39949320,175.01
4752.00,55.79900489,37.39947741,175.02
4753.00,55.79900363,37.39946163,175.03
4754.01,55.79900236,37.39944584,175.04
4755.01,55.79900108,37.39943006,175.05
4756.02,55.79899979,37.39941428,175.06
4757.02,55.79899849,37.39939851,175.07
4758.03,55.79899718,37.39938273,175.08
4759.03,55.79899587,37.39936696,175.09
4760.04,55.79899455,37.39935119,175.10
4761.04,55.79899324,37.39933541,175.11
4762.05,55.79899193,37.39931964,175.12
4763.05,55.79899062,37.39930386,175.13
4764.06,55.79898933,37.39928809,175.14
4765.06,55.79898806,37.39927230,175.15
4766.06,55.79898680,37.39925651,175.16
4767.07,55.79898557,37.39924072,175.17
4768.07,55.79898435,37.39922492,175.18
4769.08,55.79898315,37.39920912,175.19
4770.08,55.79898195,37.39919332,175.20
4771.09,55.79898077,37.39917752,175.21
4772.09,55.79897959,37.39916171,175.21
4773.10,55.79897842,37.39914590,175.22
4774.10,55.79897726,37.39913009,175.23
4775.11,55.79897611,37.39911428,175.24
4776.11,55.79897497,37.39909846,175.25
4777.12,55.79897386,37.39908264,175.26
4778.12,55.79897276,37.39906681,175.27
4779.13,55.79897169,37.39905098,175.28
4780.13,55.79897065,37.39903515,175.29
4781.13,55.79896963,37.39901931,175.30
4782.13,55.79896864,37.39900346,175.31
4783.13,55.79896767,37.39898761,175.32
4784.13,55.79896672,37.39897175,175.33
4785.13,55.79896581,37.39895589,175.34
4786.13,55.79896492,37.39894002,175.34
4787.13,55.79896407,37.39892415,175.35
4788.13,55.79896325,37.39890827,175.36
4789.13,55.79896248,37.39889239,175.37
4790.13,55.79896175,37.39887650,175.38
4791.13,55.79896106,37.39886060,175.38
4792.13,55.79896042,37.39884470,175.39
4793.13,55.79895982,37.39882879,175.40
4794.13,55.79895927,37.39881287,175.41
4795.13,55.79895875,37.39879695,175.41
4796.13,55.79895828,37.39878103,175.42
4797.13,55.79895785,37.39876511,175.43
4798.13,55.79895745,37.39874918,175.43
4799.13,55.79895708,37.39873325,175.44
4800.12,55.79895675,37.39871731,175.44
4801.12,55.79895644,37.39870138,175.45
4802.12,55.79895616,37.39868544,175.46
4803.12,55.79895589,37.39866950,175.46
4804.12,55.79895564,37.39865357,175.47
4805.12,55.79895540,37.39863763,175.48
4806.12,55.79895518,37.39862169,175.48
4807.12,55.79895497,37.39860575,175.49
4808.12,55.79895478,37.39858981,175.50
4809.12,55.79895460,37.39857387,175.51
4810.12,55.79895443,37.39855792,175.52
4811.12,55.79895427,37.39854198,175.53
4812.12,55.79895412,37.39852604,175.54
4813.12,55.79895398,37.39851010,175.55
4814.12,55.79895385,37.39849416,175.56
4815.12,55.79895374,37.39847821,175.57
4816.12,55.79895365,37.39846227,175.58
4817.12,55.79895359,37.39844633,175.59
4818.12,55.79895355,37.39843038,175.60
4819.12,55.79895354,37.39841444,175.61
4820.12,55.79895356,37.39839849,175.63
4821.12,55.79895360,37.39838255,175.64
4822.12,55.79895368,37.39836660,175.65
4823.12,55.79895378,37.39835066,175.66
4824.12,55.79895391,37.39833472,175.67
4825.12,55.79895407,37.39831878,175.68
4826.12,55.79895427,37.39830284,175.69
4827.12,55.79895450,37.39828690,175.70
4828.12,55.79895477,37.39827096,175.71
4829.12,55.79895508,37.39825502,175.72
4830.12,55.79895542,37.39823909,175.73
4831.12,55.79895579,37.39822316,175.74
4832.12,55.79895620,37.39820723,175.75
4833.12,55.79895664,37.39819131,175.76
4834.12,55.79895710,37.39817539,175.77
4835.12,55.79895758,37.39815946,175.78
4836.12,55.79895808,37.39814354,175.79
4837.12,55.79895861,37.39812763,175.80
4838.12,55.79895915,37.39811171,175.80
4839.12,55.79895971,37.39809580,175.81
4840.12,55.79896030,37.39807989,175.82
4841.12,55.79896093,37.39806398,175.82
4842.12,55.79896160,37.39804808,175.83
4843.12,55.79896231,37.39803219,175.84
4844.12,55.79896307,37.39801630,175.85
4845.12,55.79896388,37.39800042,175.85
4846.12,55.79896472,37.39798455,175.86
4847.12,55.79896559,37.39796868,175.87
4848.12,55.79896648,37.39795281,175.87
4849.12,55.79896739,37.39793695,175.88
4850.12,55.79896832,37.39792109,175.88
4851.12,55.79896927,37.39790524,175.89
4852.11,55.79897025,37.39788939,175.89
4853.11,55.79897126,37.39787354,175.90
4854.11,55.79897231,37.39785771,175.90
4855.11,55.79897342,37.39784189,175.91
4856.11,55.79897457,37.39782608,175.91
4857.11,55.79897578,37.39781027,175.92
4858.11,55.79897703,37.39779448,175.92
4859.11,55.79897831,37.39777870,175.92
4860.11,55.79897962,37.39776293,175.93
4861.11,55.79898096,37.39774716,175.93
4862.11,55.79898231,37.39773140,175.94
4863.11,55.79898369,37.39771565,175.94
4864.10,55.79898509,37.39769990,175.94
4865.10,55.79898652,37.39768416,175.95
4866.10,55.79898798,37.39766842,175.95
4867.10,55.79898947,37.39765270,175.96
4868.10,55.79899099,37.39763699,175.96
4869.10,55.79899254,37.39762128,175.97
4870.09,55.79899413,37.39760559,175.97
4871.09,55.79899574,37.39758990,175.98
4872.09,55.79899740,37.39757423,175.98
4873.09,55.79899909,37.39755857,175.99
4874.09,55.79900081,37.39754292,176.00
4875.08,55.79900258,37.39752729,176.01
4876.08,55.79900439,37.39751167,176.01
4877.08,55.79900624,37.39749607,176.02
4878.08,55.79900814,37.39748049,176.03
4879.08,55.79901009,37.39746492,176.04
4880.08,55.79901207,37.39744937,176.05
4881.07,55.79901410,37.39743384,176.05
4882.07,55.79901615,37.39741832,176.06
4883.07,55.79901824,37.39740281,176.07
4884.07,55.79902036,37.39738732,176.08
4885.07,55.79902251,37.39737183,176.09
4886.07,55.79902469,37.39735637,176.10
4887.06,55.79902690,37.39734092,176.11
4888.06,55.79902915,37.39732548,176.12
4889.06,55.79903143,37.39731006,176.13
4890.06,55.79903374,37.39729465,176.14
4891.06,55.79903608,37.39727926,176.15
4892.05,55.79903846,37.39726388,176.17
4893.05,55.79904086,37.39724852,176.18
4894.05,55.79904329,37.39723317,176.19
4895.05,55.79904574,37.39721783,176.20
4896.05,55.79904822,37.39720250,176.21
4897.05,55.79905072,37.39718719,176.22
4898.04,55.79905325,37.39717189,176.24
4899.04,55.79905580,37.39715660,176.25
4900.04,55.79905838,37.39714133,176.26
4901.04,55.79906098,37.39712607,176.27
4902.04,55.79906361,37.39711082,176.28
4903.04,55.79906627,37.39709559,176.29
4904.04,55.79906896,37.39708038,176.30
4905.04,55.79907167,37.39706518,176.31
4906.04,55.79907443,37.39705001,176.32
4907.04,55.79907722,37.39703485,176.32
4908.04,55.79908004,37.39701971,176.33
4909.04,55.79908290,37.39700460,176.33
4910.04,55.79908579,37.39698950,176.34
4911.04,55.79908871,37.39697442,176.35
4912.04,55.79909165,37.39695936,176.35
4913.04,55.79909462,37.39694431,176.36
4914.04,55.79909760,37.39692927,176.36
4915.04,55.79910060,37.39691424,176.37
4916.04,55.79910362,37.39689922,176.37
4917.04,55.79910665,37.39688421,176.38
4918.04,55.79910971,37.39686922,176.38
4919.04,55.79911278,37.39685424,176.39
4920.04,55.79911589,37.39683928,176.39
4921.04,55.79911901,37.39682433,176.40
4922.04,55.79912217,37.39680940,176.40
4923.05,55.79912534,37.39679449,176.41
4924.05,55.79912853,37.39677958,176.42
4925.05,55.79913173,37.39676468,176.42
4926.05,55.79913494,37.39674979,176.43
4927.05,55.79913815,37.39673490,176.44
4928.05,55.79914135,37.39672000,176.44
4929.06,55.79914455,37.39670510,176.45
4930.06,55.79914774,37.39669020,176.46
4931.06,55.79915092,37.39667529,176.47
4932.06,55.79915409,37.39666037,176.47
4933.06,55.79915726,37.39664545,176.48
4934.06,55.79916042,37.39663053,176.48
4935.06,55.79916359,37.39661561,176.49
4936.07,55.79916675,37.39660069,176.50
4937.07,55.79916992,37.39658577,176.50
4938.07,55.79917310,37.39657085,176.51
4939.07,55.79917627,37.39655594,176.51
4940.08,55.79917945,37.39654103,176.52
4941.09,55.79918263,37.39652611,176.52
4942.09,55.79918581,37.39651120,176.53
4943.10,55.79918898,37.39649629,176.53
4944.11,55.79919216,37.39648137,176.54
4945.12,55.79919533,37.39646646,176.54
4946.13,55.79919851,37.39645154,176.55
4947.13,55.79920169,37.39643663,176.55
4948.14,55.79920487,37.39642172,176.55
4949.15,55.79920806,37.39640681,176.56
4950.16,55.79921125,37.39639191,176.56
4951.17,55.79921445,37.39637701,176.57
4952.17,55.79921765,37.39636211,176.57
4953.18,55.79922085,37.39634721,176.58
4954.19,55.79922405,37.39633232,176.58
4955.20,55.79922725,37.39631742,176.58
4956.20,55.79923045,37.39630252,176.59
4957.21,55.79923365,37.39628762,176.59
4958.22,55.79923684,37.39627272,176.60
4959.23,55.79924003,37.39625781,176.60
4960.24,55.79924322,37.39624290,176.60
4961.24,55.79924640,37.39622800,176.61
4962.25,55.79924958,37.39621309,176.61
4963.26,55.79925277,37.39619818,176.61
4964.27,55.79925596,37.39618327,176.62
4965.27,55.79925915,37.39616837,176.62
4966.28,55.79926233,37.39615346,176.62
4967.29,55.79926551,37.39613855,176.63
4968.30,55.79926869,37.39612363,176.63
4969.31,55.79927186,37.39610871,176.63
4970.31,55.79927502,37.39609379,176.64
4971.32,55.79927818,37.39607887,176.64
4972.33,55.79928133,37.39606394,176.65
4973.34,55.79928449,37.39604901,176.65
4974.35,55.79928764,37.39603408,176.65
4975.35,55.79929079,37.39601914,176.66
4976.36,55.79929394,37.39600421,176.66
4977.37,55.79929709,37.39598928,176.67
4978.38,55.79930024,37.39597435,176.67
4979.38,55.79930340,37.39595943,176.68
4980.38,55.79930657,37.39594451,176.68
4981.37,55.79930974,37.39592959,176.68
4982.36,55.79931292,37.39591468,176.69
4983.35,55.79931611,37.39589977,176.69
4984.34,55.79931930,37.39588487,176.70
4985.33,55.79932249,37.39586996,176.70
4986.32,55.79932569,37.39585506,176.70
4987.31,55.79932887,37.39584016,176.71
4988.30,55.79933206,37.39582525,176.71
4989.29,55.79933524,37.39581033,176.71
4990.28,55.79933841,37.39579542,176.72
4991.27,55.79934158,37.39578050,176.72
4992.26,55.79934474,37.39576557,176.72
4993.26,55.79934790,37.39575065,176.72
4994.25,55.79935106,37.39573572,176.73
4995.24,55.79935422,37.39572080,176.73
4996.23,55.79935738,37.39570588,176.73
4997.22,55.79936055,37.39569095,176.73
4998.21,55.79936371,37.39567603,176.73
4999.20,55.79936688,37.39566111,176.73
5000.19,55.79937004,37.39564619,176.73
5001.18,55.79937320,37.39563126,176.73
5002.17,55.79937636,37.39561633,176.73
5003.16,55.79937951,37.39560141,176.73
5004.15,55.79938267,37.39558648,176.73
5005.15,55.79938583,37.39557156,176.73
5006.14,55.79938900,37.39555663,176.73
5007.13,55.79939217,37.39554172,176.73
5008.12,55.79939535,37.39552680,176.73
5009.11,55.79939853,37.39551189,176.73
5010.10,55.79940171,37.39549698,176.73
5011.09,55.79940489,37.39548207,176.73
5012.08,55.79940807,37.39546716,176.73
5013.07,55.79941124,37.39545224,176.73
5014.06,55.79941440,37.39543732,176.72
5015.05,55.79941756,37.39542239,176.72
5016.04,55.79942071,37.39540746,176.72
5017.03,55.79942387,37.39539253,176.72
5018.03,55.79942703,37.39537761,176.72
5019.02,55.79943019,37.39536268,176.72
5020.01,55.79943336,37.39534776,176.72
5021.01,55.79943653,37.39533285,176.72
5022.01,55.79943971,37.39531794,176.72
5023.01,55.79944290,37.39530303,176.72
5024.00,55.79944608,37.39528812,176.71
5025.00,55.79944926,37.39527321,176.71
5026.00,55.79945244,37.39525829,176.71
5027.00,55.79945561,37.39524338,176.71
5027.99,55.79945879,37.39522846,176.71
5028.99,55.79946197,37.39521355,176.71
5029.99,55.79946515,37.39519864,176.71
5030.99,55.79946833,37.39518373,176.71
5031.98,55.79947152,37.39516883,176.71
5032.98,55.79947471,37.39515392,176.70
5033.98,55.79947790,37.39513902,176.70
5034.98,55.79948109,37.39512411,176.70
5035.97,55.79948428,37.39510920,176.70
5036.97,55.79948746,37.39509429,176.70
5037.97,55.79949064,37.39507938,176.70
5038.97,55.79949381,37.39506447,176.70
5039.96,55.79949698,37.39504955,176.70
5040.96,55.79950015,37.39503463,176.69
5041.96,55.79950331,37.39501970,176.69
5042.96,55.79950647,37.39500478,176.69
5043.95,55.79950963,37.39498985,176.69
5044.95,55.79951279,37.39497493,176.69
5045.95,55.79951595,37.39496000,176.69
5046.95,55.79951911,37.39494508,176.68
5047.94,55.79952228,37.39493015,176.68
5048.94,55.79952544,37.39491523,176.68
5049.94,55.79952861,37.39490031,176.68
5050.94,55.79953178,37.39488539,176.67
5051.93,55.79953495,37.39487048,176.67
5052.93,55.79953812,37.39485556,176.67
5053.93,55.79954130,37.39484065,176.67
5054.93,55.79954448,37.39482573,176.67
5055.93,55.79954766,37.39481082,176.66
5056.92,55.79955084,37.39479591,176.66
5057.92,55.79955401,37.39478100,176.66
5058.92,55.79955720,37.39476608,176.66
5059.92,55.79956038,37.39475117,176.66
5060.91,55.79956356,37.39473627,176.66
5061.91,55.79956675,37.39472136,176.65
5062.91,55.79956994,37.39470645,176.65
5063.91,55.79957313,37.39469155,176.65
5064.90,55.79957632,37.39467664,176.65
5065.90,55.79957950,37.39466173,176.65
5066.90,55.79958269,37.39464682,176.64
5067.90,55.79958586,37.39463191,176.64
5068.89,55.79958904,37.39461700,176.64
5069.89,55.79959221,37.39460208,176.64
5070.89,55.79959538,37.39458716,176.64
5071.89,55.79959855,37.39457224,176.63
5072.88,55.79960172,37.39455732,176.63
5073.88,55.79960489,37.39454241,176.63
5074.88,55.79960806,37.39452749,176.63
5075.88,55.79961122,37.39451256,176.63
5076.88,55.79961438,37.39449764,176.62
5077.87,55.79961753,37.39448270,176.62
5078.87,55.79962067,37.39446777,176.62
5079.87,55.79962381,37.39445283,176.62
5080.87,55.79962695,37.39443789,176.62
5081.86,55.79963009,37.39442295,176.61
5082.86,55.79963324,37.39440802,176.61
5083.86,55.79963641,37.39439310,176.61
5084.86,55.79963958,37.39437818,176.60
5085.85,55.79964277,37.39436328,176.60
5086.85,55.79964597,37.39434838,176.60
5087.85,55.79964918,37.39433348,176.60
5088.85,55.79965238,37.39431859,176.59
5089.85,55.79965558,37.39430369,176.59
5090.84,55.79965878,37.39428879,176.59
5091.84,55.79966198,37.39427389,176.58
5092.84,55.79966517,37.39425899,176.58
5093.84,55.79966837,37.39424409,176.57
5094.83,55.79967157,37.39422919,176.57
5095.83,55.79967477,37.39421429,176.57
5096.83,55.79967796,37.39419939,176.56
5097.83,55.79968116,37.39418449,176.56
5098.82,55.79968434,37.39416958,176.55
5099.83,55.79968752,37.39415467,176.55
5100.83,55.79969069,37.39413975,176.55
5101.83,55.79969386,37.39412483,176.54
5102.84,55.79969701,37.39410990,176.54
5103.84,55.79970018,37.39409498,176.53
5104.85,55.79970335,37.39408006,176.53
5105.85,55.79970653,37.39406515,176.53
5106.85,55.79970973,37.39405025,176.52
5107.86,55.79971293,37.39403535,176.52
5108.86,55.79971614,37.39402046,176.51
5109.86,55.79971935,37.39400557,176.51
5110.87,55.79972254,37.39399067,176.50
5111.87,55.79972572,37.39397575,176.50
5112.87,55.79972888,37.39396083,176.49
5113.88,55.79973203,37.39394589,176.49
5114.88,55.79973515,37.39393094,176.49
5115.88,55.79973827,37.39391599,176.48
5116.89,55.79974139,37.39390104,176.48
5117.89,55.79974452,37.39388610,176.47
5118.89,55.79974767,37.39387116,176.47
5119.90,55.79975084,37.39385624,176.46
5120.90,55.79975403,37.39384134,176.46
5121.90,55.79975723,37.39382644,176.45
5122.91,55.79976044,37.39381155,176.45
5123.91,55.79976366,37.39379666,176.44
5124.91,55.79976687,37.39378177,176.44
5125.92,55.79977008,37.39376688,176.43
5126.92,55.79977327,37.39375198,176.43
5127.92,55.79977646,37.39373707,176.42
5128.93,55.79977964,37.39372216,176.42
5129.93,55.79978280,37.39370724,176.41
5130.94,55.79978597,37.39369231,176.41
5131.94,55.79978913,37.39367739,176.40
5132.94,55.79979229,37.39366246,176.40
5133.95,55.79979546,37.39364754,176.39
5134.95,55.79979863,37.39363263,176.39
5135.95,55.79980181,37.39361771,176.38
5136.96,55.79980499,37.39360280,176.38
5137.96,55.79980818,37.39358790,176.37
5138.96,55.79981136,37.39357299,176.37
5139.96,55.79981455,37.39355808,176.36
5140.95,55.79981773,37.39354317,176.35
5141.95,55.79982091,37.39352826,176.35
5142.94,55.79982409,37.39351334,176.34
5143.94,55.79982726,37.39349843,176.34
5144.93,55.79983042,37.39348350,176.33
5145.93,55.79983359,37.39346858,176.33
5146.92,55.79983675,37.39345366,176.32
5147.92,55.79983991,37.39343873,176.32
5148.91,55.79984306,37.39342380,176.31
5149.91,55.79984622,37.39340888,176.31
5150.90,55.79984938,37.39339395,176.30
5151.89,55.79985254,37.39337902,176.30
5152.89,55.79985570,37.39336410,176.30
5153.88,55.79985888,37.39334918,176.29
5154.88,55.79986205,37.39333427,176.29
5155.87,55.79986524,37.39331936,176.28
5156.87,55.79986842,37.39330445,176.28
5157.86,55.79987161,37.39328955,176.27
5158.86,55.79987480,37.39327464,176.27
5159.85,55.79987799,37.39325973,176.26
5160.85,55.79988117,37.39324483,176.26
5161.84,55.79988435,37.39322992,176.25
5162.84,55.79988753,37.39321500,176.25
5163.83,55.79989071,37.39320009,176.24
5164.83,55.79989389,37.39318518,176.24
5165.82,55.79989706,37.39317026,176.23
5166.82,55.79990024,37.39315534,176.23
5167.81,55.79990340,37.39314042,176.22
5168.81,55.79990657,37.39312550,176.21
5169.80,55.79990973,37.39311057,176.21
5170.80,55.79991288,37.39309565,176.20
5171.79,55.79991604,37.39308072,176.20
5172.78,55.79991920,37.39306579,176.19
5173.78,55.79992235,37.39305086,176.18
5174.77,55.79992551,37.39303594,176.18
5175.77,55.79992866,37.39302101,176.17
5176.76,55.79993182,37.39300608,176.17
5177.76,55.79993497,37.39299115,176.16
5178.75,55.79993813,37.39297622,176.16
5179.74,55.79994129,37.39296130,176.15
5180.74,55.79994445,37.39294638,176.15
5181.73,55.79994762,37.39293145,176.14
5182.72,55.79995078,37.39291653,176.14
5183.71,55.79995395,37.39290161,176.13
5184.70,55.79995711,37.39288668,176.13
5185.69,55.79996026,37.39287175,176.12
5186.68,55.79996341,37.39285682,176.12
5187.67,55.79996656,37.39284189,176.11
5188.66,55.79996971,37.39282696,176.11
5189.66,55.79997287,37.39281203,176.10
5190.65,55.79997603,37.39279710,176.09
5191.64,55.79997920,37.39278218,176.09
5192.63,55.79998237,37.39276727,176.08
5193.62,55.79998555,37.39275235,176.08
5194.61,55.79998873,37.39273744,176.07
5195.60,55.79999190,37.39272253,176.07
5196.59,55.79999508,37.39270761,176.06
5197.58,55.79999825,37.39269270,176.05
5198.57,55.80000142,37.39267778,176.05
5199.57,55.80000459,37.39266286,176.04
5200.56,55.80000776,37.39264794,176.03
5201.55,55.80001094,37.39263302,176.03
5202.55,55.80001411,37.39261811,176.02
5203.54,55.80001729,37.39260320,176.02
5204.53,55.80002047,37.39258828,176.01
5205.53,55.80002365,37.39257337,176.00
5206.52,55.80002684,37.39255847,176.00
5207.51,55.80003002,37.39254355,175.99
5208.51,55.80003319,37.39252864,175.99
5209.50,55.80003636,37.39251372,175.98
5210.49,55.80003952,37.39249879,175.98
5211.49,55.80004267,37.39248386,175.98
5212.48,55.80004582,37.39246893,175.97
5213.47,55.80004896,37.39245399,175.97
5214.47,55.80005210,37.39243905,175.96
5215.46,55.80005525,37.39242412,175.96
5216.45,55.80005840,37.39240919,175.95
5217.45,55.80006157,37.39239427,175.95
5218.44,55.80006474,37.39237935,175.94
5219.43,55.80006793,37.39236444,175.94
5220.42,55.80007112,37.39234954,175.93
5221.42,55.80007431,37.39233464,175.93
5222.41,55.80007751,37.39231973,175.93
5223.40,55.80008071,37.39230484,175.92
5224.39,55.80008390,37.39228993,175.92
5225.38,55.80008710,37.39227503,175.92
5226.38,55.80009029,37.39226013,175.91
5227.37,55.80009347,37.39224522,175.91
5228.36,55.80009665,37.39223031,175.90
5229.35,55.80009983,37.39221539,175.90
5230.35,55.80010300,37.39220047,175.90
5231.34,55.80010616,37.39218555,175.89
5232.33,55.80010933,37.39217063,175.89
5233.32,55.80011250,37.39215571,175.88
5234.31,55.80011567,37.39214079,175.88
5235.31,55.80011885,37.39212588,175.87
5236.30,55.80012204,37.39211098,175.87
5237.29,55.80012524,37.39209608,175.86
5238.28,55.80012844,37.39208118,175.86
5239.27,55.80013163,37.39206628,175.85
5240.27,55.80013483,37.39205137,175.85
5241.26,55.80013801,37.39203646,175.84
5242.25,55.80014120,37.39202156,175.84
5243.25,55.80014438,37.39200665,175.83
5244.24,55.80014757,37.39199174,175.82
5245.23,55.80015076,37.39197683,175.81
5246.23,55.80015396,37.39196193,175.80
5247.22,55.80015716,37.39194704,175.80
5248.21,55.80016037,37.39193214,175.79
5249.21,55.80016357,37.39191725,175.78
5250.20,55.80016676,37.39190234,175.77
5251.19,55.80016994,37.39188743,175.76
5252.19,55.80017311,37.39187251,175.74
5253.18,55.80017626,37.39185758,175.73
5254.17,55.80017940,37.39184264,175.72
5255.17,55.80018253,37.39182770,175.71
5256.16,55.80018567,37.39181275,175.70
5257.15,55.80018880,37.39179781,175.68
5258.15,55.80019195,37.39178288,175.67
5259.15,55.80019510,37.39176795,175.66
5260.15,55.80019826,37.39175302,175.64
5261.15,55.80020142,37.39173810,175.63
5262.15,55.80020459,37.39172318,175.62
5263.15,55.80020776,37.39170826,175.60
5264.16,55.80021093,37.39169334,175.59
5265.16,55.80021411,37.39167842,175.57
5266.16,55.80021728,37.39166351,175.56
5267.16,55.80022045,37.39164859,175.54
5268.16,55.80022362,37.39163367,175.52
5269.16,55.80022679,37.39161875,175.51
5270.17,55.80022996,37.39160383,175.49
5271.17,55.80023313,37.39158891,175.48
5272.17,55.80023629,37.39157399,175.47
5273.17,55.80023946,37.39155907,175.45
5274.17,55.80024262,37.39154414,175.44
5275.17,55.80024578,37.39152922,175.42
5276.17,55.80024895,37.39151430,175.41
5277.18,55.80025213,37.39149939,175.40
5278.18,55.80025530,37.39148447,175.38
5279.18,55.80025849,37.39146956,175.37
5280.18,55.80026168,37.39145466,175.36
5281.18,55.80026487,37.39143976,175.35
5282.18,55.80026807,37.39142485,175.34
5283.19,55.80027126,37.39140995,175.32
5284.19,55.80027445,37.39139505,175.31
5285.19,55.80027764,37.39138014,175.30
5286.19,55.80028083,37.39136523,175.29
5287.19,55.80028401,37.39135032,175.27
5288.19,55.80028718,37.39133541,175.26
5289.19,55.80029036,37.39132049,175.25
5290.20,55.80029354,37.39130558,175.24
5291.20,55.80029672,37.39129067,175.23
5292.20,55.80029990,37.39127575,175.21
5293.20,55.80030308,37.39126084,175.20
5294.20,55.80030626,37.39124593,175.19
5295.20,55.80030943,37.39123101,175.17
5296.21,55.80031259,37.39121609,175.16
5297.21,55.80031574,37.39120115,175.15
5298.21,55.80031888,37.39118622,175.13
5299.21,55.80032201,37.39117127,175.11
5300.20,55.80032513,37.39115632,175.10
5301.20,55.80032826,37.39114137,175.08
5302.19,55.80033140,37.39112644,175.06
5303.19,55.80033457,37.39111151,175.05
5304.19,55.80033776,37.39109661,175.03
5305.18,55.80034099,37.39108173,175.01
5306.18,55.80034425,37.39106687,175.00
5307.18,55.80034754,37.39105204,174.98
5308.17,55.80035084,37.39103721,174.97
5309.17,55.80035414,37.39102238,174.95
5310.16,55.80035742,37.39100753,174.94
5311.16,55.80036064,37.39099265,174.93
5312.16,55.80036380,37.39097772,174.91
5313.15,55.80036687,37.39096274,174.90
5314.15,55.80036985,37.39094770,174.89
5315.15,55.80037273,37.39093260,174.88
5316.14,55.80037549,37.39091742,174.87
5317.14,55.80037810,37.39090216,174.87
5318.13,55.80038057,37.39088683,174.86
5319.13,55.80038291,37.39087144,174.85
5320.13,55.80038511,37.39085598,174.85
5321.12,55.80038714,37.39084045,174.84
5322.12,55.80038902,37.39082486,174.83
5323.12,55.80039074,37.39080921,174.83
5324.11,55.80039231,37.39079351,174.82
5325.11,55.80039374,37.39077776,174.81
5326.10,55.80039499,37.39076198,174.81
5327.10,55.80039607,37.39074615,174.80
5328.10,55.80039697,37.39073028,174.80
5329.09,55.80039770,37.39071439,174.79
5330.09,55.80039824,37.39069847,174.78
5331.09,55.80039857,37.39068254,174.78
5332.08,55.80039871,37.39066660,174.77
5333.08,55.80039866,37.39065065,174.77
5334.08,55.80039843,37.39063471,174.76
5335.07,55.80039804,37.39061878,174.75
5336.07,55.80039752,37.39060286,174.75
5337.06,55.80039687,37.39058696,174.74
5338.06,55.80039611,37.39057107,174.73
5339.06,55.80039525,37.39055520,174.72
5340.05,55.80039425,37.39053935,174.72
5341.05,55.80039311,37.39052354,174.71
5342.05,55.80039179,37.39050777,174.70
5343.04,55.80039026,37.39049206,174.70
5344.04,55.80038848,37.39047643,174.69
5345.04,55.80038642,37.39046091,174.69
5346.03,55.80038407,37.39044552,174.68
5347.03,55.80038142,37.39043028,174.68
5348.02,55.80037847,37.39041523,174.67
5349.02,55.80037519,37.39040038,174.67
5350.02,55.80037161,37.39038576,174.67
5351.01,55.80036772,37.39037138,174.66
5352.01,55.80036355,37.39035727,174.66
5353.01,55.80035910,37.39034341,174.65
5354.00,55.80035437,37.39032986,174.65
5355.00,55.80034938,37.39031660,174.64
5356.00,55.80034414,37.39030365,174.64
5356.99,55.80033868,37.39029100,174.63
5357.99,55.80033299,37.39027866,174.63
5358.99,55.80032711,37.39026660,174.62
5359.98,55.80032106,37.39025481,174.62
5360.98,55.80031489,37.39024324,174.62
5361.98,55.80030861,37.39023183,174.61
5362.97,55.80030225,37.39022057,174.61
5363.97,55.80029584,37.39020940,174.60
5364.97,55.80028940,37.39019829,174.60
5365.96,55.80028293,37.39018723,174.59
5366.96,55.80027645,37.39017618,174.59
5367.96,55.80026997,37.39016514,174.58
5368.95,55.80026349,37.39015410,174.58
5369.95,55.80025702,37.39014305,174.57
5370.95,55.80025056,37.39013198,174.56
5371.94,55.80024410,37.39012089,174.56
5372.94,55.80023766,37.39010978,174.55
5373.93,55.80023123,37.39009865,174.55
5374.93,55.80022480,37.39008751,174.54
5375.93,55.80021837,37.39007637,174.53
5376.92,55.80021195,37.39006524,174.52
5377.92,55.80020552,37.39005410,174.52
5378.92,55.80019909,37.39004296,174.51
5379.92,55.80019266,37.39003183,174.50
5380.91,55.80018623,37.39002071,174.50
5381.91,55.80017979,37.39000959,174.49
5382.91,55.80017334,37.38999849,174.49
5383.91,55.80016689,37.38998740,174.48
5384.90,55.80016043,37.38997632,174.48
5385.90,55.80015397,37.38996523,174.48
5386.90,55.80014752,37.38995414,174.47
5387.90,55.80014109,37.38994301,174.47
5388.89,55.80013467,37.38993186,174.47
5389.89,55.80012827,37.38992067,174.46
5390.89,55.80012189,37.38990945,174.46
5391.89,55.80011553,37.38989820,174.46
5392.88,55.80010917,37.38988694,174.46
5393.88,55.80010280,37.38987569,174.46
5394.88,55.80009644,37.38986445,174.46
5395.88,55.80009006,37.38985322,174.46
5396.87,55.80008367,37.38984201,174.46
5397.87,55.80007727,37.38983083,174.46
5398.87,55.80007086,37.38981966,174.46
5399.87,55.80006444,37.38980851,174.46
5400.87,55.80005800,37.38979739,174.46
5401.86,55.80005155,37.38978629,174.46
5402.86,55.80004508,37.38977523,174.46
5403.86,55.80003860,37.38976420,174.46
5404.86,55.80003209,37.38975321,174.46
5405.85,55.80002557,37.38974225,174.46
5406.85,55.80001902,37.38973133,174.46
5407.85,55.80001246,37.38972044,174.46
5408.85,55.80000589,37.38970957,174.47
5409.84,55.79999932,37.38969871,174.47
5410.84,55.79999275,37.38968782,174.47
5411.84,55.79998623,37.38967687,174.47
5412.84,55.79997977,37.38966579,174.47
5413.83,55.79997340,37.38965454,174.47
5414.83,55.79996715,37.38964310,174.47
5415.83,55.79996103,37.38963142,174.47
5416.83,55.79995508,37.38961948,174.47
5417.82,55.79994931,37.38960727,174.47
5418.83,55.79994372,37.38959479,174.47
5419.83,55.79993832,37.38958205,174.47
5420.83,55.79993312,37.38956904,174.47
5421.83,55.79992813,37.38955578,174.47
5422.83,55.79992337,37.38954226,174.47
5423.83,55.79991882,37.38952851,174.47
5424.84,55.79991449,37.38951455,174.47
5425.84,55.79991034,37.38950041,174.48
5426.84,55.79990636,37.38948611,174.48
5427.84,55.79990252,37.38947170,174.48
5428.84,55.79989879,37.38945720,174.48
5429.85,55.79989514,37.38944263,174.48
5430.85,55.79989156,37.38942801,174.48
5431.85,55.79988803,37.38941334,174.48
5432.85,55.79988455,37.38939864,174.48
5433.85,55.79988111,37.38938391,174.48
5434.85,55.79987772,37.38936915,174.48
5435.86,55.79987437,37.38935436,174.48
5436.86,55.79987105,37.38933954,174.48
5437.86,55.79986777,37.38932470,174.48
5438.86,55.79986451,37.38930984,174.47
5439.87,55.79986128,37.38929496,174.47
5440.87,55.79985805,37.38928008,174.47
5441.88,55.79985484,37.38926519,174.47
5442.88,55.79985163,37.38925030,174.47
5443.89,55.79984841,37.38923541,174.46
5444.89,55.79984519,37.38922053,174.46
5445.90,55.79984195,37.38920566,174.46
5446.90,55.79983871,37.38919079,174.46
5447.91,55.79983546,37.38917592,174.46
5448.91,55.79983221,37.38916106,174.54
5449.91,55.79982896,37.38914620,174.61
5450.92,55.79982572,37.38913132,174.69
5451.92,55.79982249,37.38911645,174.76
5452.93,55.79981931,37.38910154,174.76
5453.93,55.79981662,37.38908633,174.75
5454.94,55.79981389,37.38907114,174.75
5455.94,55.79981117,37.38905594,174.75
5456.95,55.79980847,37.38904073,174.75
5457.95,55.79980558,37.38902564,174.75
5458.95,55.79980269,37.38901054,174.75
5459.96,55.79979969,37.38899552,174.75
5460.96,55.79979617,37.38898085,174.75
5461.97,55.79979257,37.38896624,174.74
5462.97,55.79978895,37.38895164,174.74
5463.98,55.79978534,37.38893704,174.74
5464.98,55.79978212,37.38892216,174.74
5465.99,55.79977888,37.38890729,174.74
5466.99,55.79977576,37.38889234,174.73
5468.00,55.79977273,37.38887733,174.73
5469.00,55.79976991,37.38886219,174.72
5470.00,55.79976724,37.38884696,174.64
5471.01,55.79976457,37.38883174,174.56
5472.01,55.79976175,37.38881660,174.48
5473.02,55.79975903,37.38880140,174.40
5474.02,55.79975634,37.38878619,174.40
5475.03,55.79975358,37.38877102,174.40
5476.03,55.79975070,37.38875592,174.39
5477.04,55.79974772,37.38874088,174.39
5478.04,55.79974471,37.38872585,174.39
5479.05,55.79974164,37.38871087,174.43
5480.05,55.79973845,37.38869596,174.43
5481.06,55.79973521,37.38868110,174.42
5482.06,55.79973198,37.38866622,174.42
5483.06,55.79972879,37.38865131,174.41
5484.07,55.79972558,37.38863642,174.40
5485.07,55.79972216,37.38862168,174.40
5486.08,55.79971870,37.38860696,174.39
5487.08,55.79971526,37.38859223,174.38
5488.09,55.79971173,37.38857757,174.38
5489.09,55.79970808,37.38856300,174.38
5490.10,55.79970434,37.38854851,174.37
5491.10,55.79970060,37.38853401,174.37
5492.11,55.79969704,37.38851937,174.37
5493.11,55.79969352,37.38850470,174.37
5494.12,55.79969003,37.38849001,174.36
5495.12,55.79968664,37.38847524,174.36
5496.13,55.79968341,37.38846036,174.36
5497.13,55.79968031,37.38844540,174.36
5498.13,55.79967728,37.38843040,174.35
5499.14,55.79967431,37.38841534,174.35
5500.14,55.79967142,37.38840025,174.29
5501.15,55.79966858,37.38838512,174.29
5502.15,55.79966578,37.38836997,174.29
5503.16,55.79966299,37.38835482,174.29
5504.16,55.79966016,37.38833969,174.28
5505.17,55.79965724,37.38832461,174.28
5506.17,55.79965418,37.38830961,174.28
5507.18,55.79965090,37.38829477,174.28
5508.18,55.79964741,37.38828008,174.28
5509.19,55.79964365,37.38826560,174.28
5510.19,55.79963962,37.38825135,174.28
5511.20,55.79963533,37.38823734,174.28
5512.20,55.79963084,37.38822353,174.27
5513.21,55.79962618,37.38820991,174.27
5514.21,55.79962121,37.38819662,174.27
5515.22,55.79961598,37.38818366,174.27
5516.22,55.79961054,37.38817098,174.27
5517.22,55.79960488,37.38815859,174.27
5518.23,55.79959899,37.38814657,174.27
5519.23,55.79959280,37.38813502,174.27
5520.24,55.79958635,37.38812392,174.28
5521.24,55.79957974,37.38811312,174.28
5522.25,55.79957296,37.38810267,174.29
5523.25,55.79956598,37.38809264,174.30
5524.26,55.79955880,37.38808305,174.32
5525.26,55.79955144,37.38807391,174.33
5526.27,55.79954395,37.38806511,174.35
5527.27,55.79953631,37.38805673,174.37
5528.28,55.79952851,37.38804883,174.38
5529.28,55.79952046,37.38804176,174.40
5530.29,55.79951229,37.38803515,174.41
5531.29,55.79950410,37.38802861,174.42
5532.30,55.79949573,37.38802282,174.44
5533.30,55.79948727,37.38801748,174.45
5534.31,55.79947867,37.38801290,174.47
5535.31,55.79947002,37.38800859,174.48
5536.32,55.79946138,37.38800426,174.49
5537.32,55.79945264,37.38800057,174.51
5538.33,55.79944377,37.38799811,174.52
5539.33,55.79943486,37.38799620,174.53
5540.34,55.79942590,37.38799508,174.53
5541.34,55.79941692,37.38799466,174.53
5542.35,55.79940794,37.38799505,174.53
5543.35,55.79939898,37.38799608,174.52
5544.36,55.79939005,37.38799777,174.51
5545.36,55.79938116,37.38799994,174.50
5546.37,55.79937233,37.38800288,174.49
5547.37,55.79936361,37.38800668,174.48
5548.38,55.79935502,37.38801132,174.47
5549.38,55.79934663,37.38801698,174.46
5550.38,55.79933850,37.38802373,174.45
5551.39,55.79933063,37.38803141,174.45
5552.39,55.79932306,37.38803998,174.44
5553.40,55.79931577,37.38804928,174.44
5554.40,55.79930879,37.38805930,174.44
5555.41,55.79930213,37.38806998,174.43
5556.41,55.79929577,37.38808123,174.42
5557.42,55.79928973,37.38809303,174.41
5558.42,55.79928403,37.38810535,174.40
5559.43,55.79927866,37.38811812,174.39
5560.43,55.79927355,37.38813124,174.39
5561.44,55.79926863,37.38814458,174.38
5562.44,55.79926390,37.38815812,174.38
5563.45,55.79925947,37.38817199,174.37
5564.45,55.79925535,37.38818616,174.37
5565.46,55.79925153,37.38820058,174.37
5566.46,55.79924801,37.38821525,174.36
5567.47,55.79924494,37.38823022,174.35
5568.47,55.79924239,37.38824550,174.35
5569.48,55.79924038,37.38826104,174.34
5570.48,55.79923890,37.38827676,174.33
5571.49,55.79923787,37.38829259,174.32
5572.49,55.79923734,37.38830850,174.30
5573.50,55.79923742,37.38832444,174.29
5574.50,55.79923805,37.38834033,174.28
5575.51,55.79923920,37.38835614,174.26
5576.51,55.79924081,37.38837182,174.25
5577.52,55.79924284,37.38838735,174.24
5578.52,55.79924532,37.38840267,174.25
5579.53,55.79924816,37.38841780,174.25
5580.53,55.79925123,37.38843278,174.25
5581.54,55.79925455,37.38844759,174.26
5582.54,55.79925812,37.38846222,174.26
5583.55,55.79926191,37.38847668,174.25
5584.55,55.79926594,37.38849092,174.25
5585.56,55.79927028,37.38850488,174.24
5586.56,55.79927495,37.38851850,174.24
5587.57,55.79927996,37.38853172,174.24
5588.58,55.79928528,37.38854456,174.24
5589.58,55.79929090,37.38855699,174.24
5590.59,55.79929682,37.38856899,174.24
5591.59,55.79930297,37.38858059,174.24
5592.60,55.79930930,37.38859191,174.24
5593.60,55.79931573,37.38860304,174.23
5594.61,55.79932222,37.38861406,174.23
5595.61,55.79932876,37.38862499,174.23
5596.62,55.79933531,37.38863591,174.24
5597.62,55.79934185,37.38864683,174.24
5598.63,55.79934838,37.38865778,174.24
5599.63,55.79935490,37.38866875,174.22
5600.64,55.79936141,37.38867973,174.21
5601.64,55.79936791,37.38869073,174.21
5602.65,55.79937440,37.38870175,174.19
5603.65,55.79938088,37.38871279,174.19
5604.66,55.79938735,37.38872386,174.19
5605.66,55.79939380,37.38873494,174.19
5606.67,55.79940023,37.38874608,174.20
5607.67,55.79940669,37.38875716,174.20
5608.68,55.79941268,37.38876900,174.20
5609.68,55.79941753,37.38878237,174.21
5610.69,55.79942070,37.38879724,174.21
5611.69,55.79942159,37.38881306,174.20
5612.70,55.79942084,37.38882894,174.17
5613.70,55.79941987,37.38884479,174.18
5614.71,55.79941978,37.38886071,174.18
5615.71,55.79942126,37.38887640,174.18
5616.72,55.79942493,37.38889089,174.19
5617.72,55.79943017,37.38890379,174.19
5618.73,55.79943634,37.38891536,174.19
5619.73,55.79944252,37.38892690,174.20
5620.74,55.79944851,37.38893878,174.20
5621.74,55.79945482,37.38895012,174.20
5622.75,55.79946127,37.38896122,174.21
5623.76,55.79946770,37.38897235,174.21
5624.76,55.79947413,37.38898348,174.21
5625.77,55.79948057,37.38899460,174.21
5626.77,55.79948700,37.38900572,174.21
5627.78,55.79949344,37.38901684,174.20
5628.78,55.79949988,37.38902796,174.21
5629.79,55.79950632,37.38903907,174.21
5630.79,55.79951277,37.38905016,174.21
5631.80,55.79951923,37.38906124,174.24
5632.80,55.79952570,37.38907231,174.27
5633.81,55.79953217,37.38908336,174.27
5634.81,55.79953865,37.38909441,174.27
5635.82,55.79954512,37.38910545,174.28
5636.82,55.79955160,37.38911650,174.28
5637.83,55.79955808,37.38912755,174.28
5638.83,55.79956455,37.38913861,174.28
5639.83,55.79957102,37.38914967,174.28
5640.84,55.79957748,37.38916073,174.28
5641.84,55.79958396,37.38917179,174.28
5642.84,55.79959043,37.38918283,174.29
5643.84,55.79959691,37.38919388,174.29
5644.85,55.79960340,37.38920491,174.29
5645.85,55.79960989,37.38921593,174.29
5646.85,55.79961638,37.38922695,174.29
5647.85,55.79962286,37.38923798,174.30
5648.85,55.79962935,37.38924901,174.31
5649.86,55.79963582,37.38926006,174.31
5650.86,55.79964230,37.38927111,174.31
5651.86,55.79964877,37.38928216,174.31
5652.86,55.79965525,37.38929321,174.31
5653.86,55.79966173,37.38930425,174.31
5654.87,55.79966821,37.38931529,174.31
5655.87,55.79967470,37.38932631,174.31
5656.87,55.79968119,37.38933733,174.31
5657.87,55.79968769,37.38934834,174.31
5658.87,55.79969418,37.38935936,174.31
5659.88,55.79970067,37.38937038,174.31
5660.88,55.79970715,37.38938141,174.32
5661.88,55.79971363,37.38939246,174.32
5662.88,55.79972010,37.38940352,174.32
5663.88,55.79972656,37.38941459,174.32
5664.89,55.79973302,37.38942567,174.32
5665.89,55.79973947,37.38943676,174.32
5666.89,55.79974592,37.38944786,174.32
5667.89,55.79975236,37.38945897,174.32
5668.89,55.79975880,37.38947009,174.32
5669.90,55.79976523,37.38948122,174.32
5670.90,55.79977165,37.38949237,174.32
5671.90,55.79977807,37.38950352,174.32
5672.90,55.79978448,37.38951469,174.32
5673.90,55.79979089,37.38952586,174.32
5674.91,55.79979729,37.38953704,174.32
5675.91,55.79980369,37.38954824,174.32
5676.91,55.79981007,37.38955947,174.32
5677.91,55.79981643,37.38957071,174.33
5678.91,55.79982279,37.38958197,174.33
5679.93,55.79982915,37.38959324,174.33
5680.94,55.79983551,37.38960449,174.33
5681.95,55.79984191,37.38961567,174.33
5682.96,55.79984837,37.38962676,174.34
5683.97,55.79985489,37.38963771,174.34
5684.98,55.79986151,37.38964850,174.34
5685.99,55.79986821,37.38965911,174.35
5687.00,55.79987502,37.38966950,174.35
5688.01,55.79988194,37.38967966,174.35
5689.02,55.79988898,37.38968958,174.36
5690.03,55.79989612,37.38969924,174.36
5691.04,55.79990338,37.38970863,174.37
5692.05,55.79991076,37.38971770,174.37
5693.06,55.79991828,37.38972644,174.38
5694.07,55.79992591,37.38973484,174.39
5695.08,55.79993413,37.38974068,174.39
5696.10,55.79994294,37.38974375,174.40
5697.11,55.79995177,37.38974671,174.40
5698.12,55.79996056,37.38974993,174.40
5699.13,55.79996930,37.38975364,174.40
5700.14,55.79997795,37.38975791,174.41
5701.15,55.79998650,37.38976278,174.41
5702.16,55.79999467,37.38976904,174.41
5703.17,55.80000150,37.38977939,174.41
5704.18,55.80000803,37.38979033,174.41
5705.19,55.80001447,37.38980145,174.42
5706.20,55.80002090,37.38981258,174.42
5707.21,55.80002732,37.38982373,174.42
5708.22,55.80003374,37.38983489,174.42
5709.23,55.80004016,37.38984604,174.43
5710.24,55.80004658,37.38985719,174.43
5711.25,55.80005300,37.38986834,174.43
5712.26,55.80005941,37.38987949,174.44
5713.28,55.80006583,37.38989065,174.44
5714.29,55.80007224,37.38990181,174.44
5715.30,55.80007866,37.38991298,174.44
5716.31,55.80008507,37.38992413,174.44
5717.32,55.80009150,37.38993528,174.44
5718.33,55.80009793,37.38994640,174.45
5719.34,55.80010439,37.38995748,174.45
5720.34,55.80011086,37.38996854,174.45
5721.35,55.80011735,37.38997957,174.45
5722.35,55.80012383,37.38999060,174.46
5723.36,55.80013031,37.39000164,174.46
5724.36,55.80013678,37.39001271,174.47
5725.36,55.80014323,37.39002381,174.47
5726.37,55.80014966,37.39003494,174.48
5727.37,55.80015607,37.39004610,174.49
5728.38,55.80016249,37.39005726,174.49
5729.38,55.80016891,37.39006841,174.50
5730.39,55.80017534,37.39007954,174.51
5731.39,55.80018179,37.39009064,174.51
5732.40,55.80018826,37.39010169,174.52
5733.40,55.80019476,37.39011270,174.52
5734.40,55.80020127,37.39012368,174.53
5735.41,55.80020781,37.39013461,174.54
5736.41,55.80021437,37.39014549,174.54
5737.42,55.80022097,37.39015632,174.55
5738.42,55.80022758,37.39016710,174.55
5739.43,55.80023422,37.39017784,174.56
5740.43,55.80024088,37.39018854,174.57
5741.43,55.80024755,37.39019922,174.57
5742.43,55.80025421,37.39020991,174.58
5743.44,55.80026084,37.39022067,174.58
5744.44,55.80026741,37.39023155,174.59
5745.44,55.80027389,37.39024260,174.59
5746.45,55.80028023,37.39025388,174.60
5747.45,55.80028642,37.39026544,174.60
5748.45,55.80029240,37.39027733,174.61
5749.46,55.80029816,37.39028957,174.61
5750.46,55.80030364,37.39030219,174.62
5751.46,55.80030884,37.39031519,174.62
5752.46,55.80031373,37.39032856,174.63
5753.47,55.80031832,37.39034228,174.63
5754.47,55.80032259,37.39035630,174.64
5755.47,55.80032657,37.39037059,174.64
5756.48,55.80033029,37.39038511,174.65
5757.48,55.80033378,37.39039979,174.65
5758.48,55.80033708,37.39041463,174.66
5759.48,55.80034018,37.39042959,174.66
5760.48,55.80034312,37.39044466,174.67
5761.48,55.80034590,37.39045982,174.67
5762.48,55.80034850,37.39047508,174.68
5763.48,55.80035092,37.39049044,174.68
5764.48,55.80035314,37.39050589,174.69
5765.48,55.80035517,37.39052142,174.69
5766.48,55.80035700,37.39053703,174.70
5767.48,55.80035863,37.39055271,174.70
5768.48,55.80036008,37.39056845,174.71
5769.48,55.80036134,37.39058423,174.71
5770.48,55.80036243,37.39060006,174.72
5771.48,55.80036334,37.39061592,174.72
5772.48,55.80036406,37.39063182,174.73
5773.48,55.80036461,37.39064773,174.73
5774.48,55.80036497,37.39066367,174.74
5775.48,55.80036514,37.39067961,174.75
5776.48,55.80036512,37.39069555,174.76
5777.48,55.80036491,37.39071149,174.76
5778.48,55.80036449,37.39072742,174.77
5779.47,55.80036387,37.39074333,174.78
5780.47,55.80036304,37.39075920,174.79
5781.47,55.80036199,37.39077504,174.80
5782.47,55.80036071,37.39079082,174.81
5783.47,55.80035918,37.39080653,174.81
5784.47,55.80035742,37.39082217,174.82
5785.47,55.80035541,37.39083771,174.83
5786.47,55.80035318,37.39085316,174.84
5787.47,55.80035075,37.39086851,174.85
5788.47,55.80034813,37.39088376,174.86
5789.46,55.80034537,37.39089893,174.87
5790.46,55.80034249,37.39091404,174.88
5791.46,55.80033952,37.39092908,174.89
5792.46,55.80033649,37.39094409,174.90
5793.46,55.80033341,37.39095907,174.91
5794.46,55.80033030,37.39097403,174.92
5795.46,55.80032716,37.39098897,174.93
5796.46,55.80032399,37.39100389,174.94
5797.46,55.80032081,37.39101880,174.95
5798.46,55.80031761,37.39103370,174.96
5799.45,55.80031441,37.39104860,174.97
5800.45,55.80031121,37.39106349,174.98
5801.45,55.80030801,37.39107840,174.99
5802.45,55.80030483,37.39109331,175.01
5803.45,55.80030166,37.39110822,175.02
5804.45,55.80029850,37.39112315,175.03
5805.45,55.80029536,37.39113809,175.04
5806.45,55.80029222,37.39115303,175.06
5807.45,55.80028909,37.39116798,175.07
5808.45,55.80028597,37.39118292,175.08
5809.45,55.80028284,37.39119787,175.10
5810.45,55.80027971,37.39121282,175.11
5811.45,55.80027657,37.39122776,175.13
5812.45,55.80027343,37.39124269,175.14
5813.45,55.80027027,37.39125762,175.15
5814.45,55.80026711,37.39127255,175.17
5815.45,55.80026394,37.39128746,175.18
5816.45,55.80026076,37.39130238,175.19
5817.45,55.80025758,37.39131729,175.20
5818.45,55.80025440,37.39133220,175.22
5819.45,55.80025122,37.39134711,175.23
5820.44,55.80024804,37.39136202,175.24
5821.44,55.80024486,37.39137693,175.26
5822.44,55.80024168,37.39139185,175.27
5823.44,55.80023850,37.39140676,175.28
5824.44,55.80023532,37.39142167,175.30
5825.44,55.80023213,37.39143658,175.31
5826.44,55.80022894,37.39145149,175.33
5827.44,55.80022576,37.39146639,175.34
5828.44,55.80022256,37.39148130,175.35
5829.44,55.80021938,37.39149620,175.37
5830.44,55.80021619,37.39151111,175.38
5831.44,55.80021300,37.39152602,175.40
5832.44,55.80020982,37.39154093,175.41
5833.44,55.80020665,37.39155584,175.43
5834.44,55.80020348,37.39157076,175.44
5835.44,55.80020031,37.39158568,175.46
5836.44,55.80019715,37.39160061,175.48
5837.44,55.80019398,37.39161553,175.49
5838.44,55.80019082,37.39163046,175.51
5839.44,55.80018766,37.39164538,175.53
5840.44,55.80018450,37.39166031,175.54
5841.44,55.80018134,37.39167523,175.56
5842.44,55.80017819,37.39169016,175.58
5843.44,55.80017504,37.39170509,175.59
5844.44,55.80017189,37.39172003,175.61
5845.44,55.80016874,37.39173496,175.62
5846.44,55.80016560,37.39174989,175.64
5847.44,55.80016245,37.39176483,175.65
5848.44,55.80015930,37.39177976,175.66
5849.44,55.80015615,37.39179469,175.68
5850.44,55.80015299,37.39180962,175.69
5851.43,55.80014983,37.39182455,175.70
5852.43,55.80014667,37.39183947,175.71
5853.43,55.80014350,37.39185439,175.72
5854.43,55.80014034,37.39186931,175.73
5855.43,55.80013716,37.39188423,175.74
5856.43,55.80013398,37.39189914,175.75
5857.43,55.80013079,37.39191404,175.76
5858.43,55.80012760,37.39192895,175.77
5859.43,55.80012440,37.39194385,175.78
5860.43,55.80012119,37.39195874,175.78
5861.43,55.80011799,37.39197364,175.79
5862.42,55.80011479,37.39198854,175.79
5863.42,55.80011159,37.39200344,175.80
5864.42,55.80010840,37.39201834,175.81
5865.42,55.80010521,37.39203325,175.81
5866.41,55.80010203,37.39204816,175.82
5867.41,55.80009885,37.39206307,175.82
5868.41,55.80009567,37.39207798,175.83
5869.40,55.80009250,37.39209290,175.83
5870.40,55.80008933,37.39210782,175.84
5871.40,55.80008615,37.39212273,175.84
5872.40,55.80008298,37.39213765,175.85
5873.39,55.80007982,37.39215257,175.85
5874.39,55.80007665,37.39216749,175.86
5875.39,55.80007348,37.39218241,175.86
5876.38,55.80007031,37.39219733,175.87
5877.38,55.80006714,37.39221225,175.87
5878.38,55.80006396,37.39222716,175.88
5879.38,55.80006077,37.39224207,175.88
5880.37,55.80005759,37.39225698,175.88
5881.37,55.80005439,37.39227188,175.89
5882.36,55.80005120,37.39228678,175.89
5883.35,55.80004801,37.39230169,175.90
5884.35,55.80004482,37.39231659,175.90
5885.34,55.80004164,37.39233150,175.91
5886.34,55.80003846,37.39234642,175.91
5887.33,55.80003528,37.39236133,175.92
5888.33,55.80003211,37.39237625,175.92
5889.32,55.80002895,37.39239117,175.93
5890.32,55.80002579,37.39240610,175.93
5891.31,55.80002264,37.39242103,175.94
5892.31,55.80001949,37.39243596,175.94
5893.30,55.80001635,37.39245090,175.95
5894.30,55.80001320,37.39246583,175.95
5895.29,55.80001004,37.39248076,175.96
5896.28,55.80000688,37.39249568,175.96
5897.28,55.80000371,37.39251060,175.97
5898.27,55.80000053,37.39252552,175.97
5899.27,55.79999735,37.39254043,175.98
5900.26,55.79999417,37.39255534,175.98
5901.26,55.79999098,37.39257024,175.99
5902.25,55.79998780,37.39258515,176.00
5903.25,55.79998461,37.39260006,176.00
5904.24,55.79998143,37.39261497,176.01
5905.24,55.79997825,37.39262988,176.01
5906.23,55.79997507,37.39264480,176.02
5907.23,55.79997189,37.39265971,176.02
5908.22,55.79996872,37.39267463,176.03
5909.21,55.79996555,37.39268955,176.03
5910.21,55.79996238,37.39270447,176.04
5911.20,55.79995922,37.39271939,176.04
5912.20,55.79995605,37.39273431,176.05
5913.19,55.79995289,37.39274923,176.05
5914.19,55.79994973,37.39276416,176.06
5915.18,55.79994657,37.39277908,176.06
5916.18,55.79994341,37.39279401,176.07
5917.17,55.79994025,37.39280894,176.07
5918.17,55.79993710,37.39282387,176.08
5919.16,55.79993396,37.39283880,176.08
5920.16,55.79993081,37.39285374,176.09
5921.15,55.79992767,37.39286867,176.09
5922.14,55.79992452,37.39288360,176.10
5923.14,55.79992136,37.39289853,176.10
5924.13,55.79991819,37.39291345,176.11
5925.13,55.79991502,37.39292837,176.11
5926.12,55.79991184,37.39294328,176.12
5927.12,55.79990865,37.39295819,176.12
5928.11,55.79990546,37.39297309,176.13
5929.11,55.79990228,37.39298800,176.14
5930.10,55.79989910,37.39300292,176.14
5931.10,55.79989593,37.39301783,176.15
5932.09,55.79989277,37.39303276,176.15
5933.09,55.79988962,37.39304769,176.16
5934.08,55.79988649,37.39306264,176.16
5935.07,55.79988336,37.39307758,176.17
5936.07,55.79988024,37.39309253,176.17
5937.06,55.79987712,37.39310748,176.18
5938.06,55.79987400,37.39312243,176.18
5939.05,55.79987087,37.39313738,176.19
5940.05,55.79986772,37.39315232,176.19
5941.05,55.79986457,37.39316724,176.20
5942.05,55.79986139,37.39318216,176.21
5943.05,55.79985821,37.39319707,176.21
5944.05,55.79985501,37.39321197,176.22
5945.04,55.79985180,37.39322686,176.22
5946.04,55.79984859,37.39324175,176.23
5947.04,55.79984537,37.39325663,176.23
5948.04,55.79984215,37.39327152,176.24
5949.04,55.79983893,37.39328641,176.24
5950.04,55.79983572,37.39330130,176.25
5951.03,55.79983252,37.39331620,176.25
5952.03,55.79982933,37.39333110,176.26
5953.03,55.79982615,37.39334601,176.26
5954.03,55.79982299,37.39336094,176.27
5955.03,55.79981983,37.39337586,176.27
5956.03,55.79981668,37.39339079,176.28
5957.03,55.79981353,37.39340573,176.28
5958.02,55.79981037,37.39342065,176.29
5959.02,55.79980721,37.39343558,176.29
5960.02,55.79980403,37.39345049,176.30
5961.02,55.79980085,37.39346540,176.30
5962.02,55.79979766,37.39348031,176.31
5963.02,55.79979447,37.39349521,176.31
5964.02,55.79979128,37.39351012,176.32
5965.02,55.79978809,37.39352503,176.33
5966.02,55.79978492,37.39353994,176.33
5967.02,55.79978175,37.39355486,176.34
5968.02,55.79977859,37.39356978,176.34
5969.02,55.79977543,37.39358471,176.35
5970.02,55.79977228,37.39359964,176.35
5971.01,55.79976912,37.39361457,176.36
5972.01,55.79976595,37.39362949,176.36
5973.01,55.79976278,37.39364441,176.37
5974.01,55.79975961,37.39365932,176.38
5975.01,55.79975642,37.39367423,176.38
5976.01,55.79975324,37.39368914,176.39
5977.01,55.79975006,37.39370405,176.39
5978.01,55.79974687,37.39371896,176.40
5979.01,55.79974369,37.39373387,176.40
5980.01,55.79974052,37.39374879,176.41
5981.01,55.79973734,37.39376370,176.41
5982.01,55.79973416,37.39377861,176.42
5983.00,55.79973098,37.39379352,176.42
5984.00,55.79972780,37.39380843,176.43
5985.00,55.79972461,37.39382334,176.43
5986.00,55.79972142,37.39383825,176.44
5987.00,55.79971824,37.39385315,176.44
5988.00,55.79971505,37.39386806,176.44
5988.99,55.79971187,37.39388298,176.45
5989.99,55.79970870,37.39389789,176.45
5990.99,55.79970553,37.39391281,176.46
5991.99,55.79970237,37.39392773,176.46
5992.99,55.79969920,37.39394266,176.47
5993.99,55.79969604,37.39395758,176.47
5994.99,55.79969287,37.39397250,176.48
5995.98,55.79968970,37.39398742,176.48
5996.98,55.79968652,37.39400233,176.48
5997.98,55.79968334,37.39401724,176.49
5998.98,55.79968015,37.39403214,176.49
5999.98,55.79967696,37.39404705,176.50
6000.99,55.79967377,37.39406195,176.50
6001.99,55.79967058,37.39407686,176.51
6002.99,55.79966741,37.39409178,176.51
6004.00,55.79966424,37.39410670,176.52
6005.00,55.79966109,37.39412163,176.52
6006.00,55.79965794,37.39413656,176.53
6007.01,55.79965479,37.39415150,176.53
6008.01,55.79965165,37.39416643,176.54
6009.01,55.79964850,37.39418137,176.54
6010.02,55.79964535,37.39419629,176.55
6011.02,55.79964218,37.39421121,176.55
6012.02,55.79963900,37.39422612,176.55
6013.03,55.79963580,37.39424103,176.56
6014.03,55.79963261,37.39425593,176.56
6015.03,55.79962941,37.39427083,176.57
6016.04,55.79962620,37.39428572,176.57
6017.04,55.79962300,37.39430062,176.57
6018.04,55.79961981,37.39431552,176.58
6019.05,55.79961661,37.39433042,176.58
6020.05,55.79961342,37.39434533,176.59
6021.06,55.79961024,37.39436024,176.59
6022.06,55.79960706,37.39437515,176.59
6023.07,55.79960389,37.39439007,176.60
6024.07,55.79960072,37.39440498,176.60
6025.08,55.79959754,37.39441990,176.60
6026.08,55.79959437,37.39443482,176.60
6027.09,55.79959120,37.39444974,176.61
6028.09,55.79958803,37.39446465,176.61
6029.10,55.79958485,37.39447957,176.61
6030.10,55.79958168,37.39449448,176.61
6031.11,55.79957851,37.39450940,176.62
6032.11,55.79957534,37.39452432,176.62
6033.12,55.79957218,37.39453924,176.62
6034.12,55.79956902,37.39455417,176.62
6035.13,55.79956586,37.39456910,176.62
6036.13,55.79956270,37.39458402,176.62
6037.14,55.79955954,37.39459895,176.63
6038.14,55.79955638,37.39461387,176.63
6039.15,55.79955320,37.39462878,176.63
6040.15,55.79955002,37.39464370,176.63
6041.16,55.79954684,37.39465860,176.63
6042.17,55.79954365,37.39467351,176.64
6043.17,55.79954046,37.39468842,176.64
6044.18,55.79953728,37.39470333,176.64
6045.18,55.79953409,37.39471824,176.64
6046.19,55.79953092,37.39473315,176.64
6047.19,55.79952775,37.39474807,176.64
6048.20,55.79952458,37.39476299,176.65
6049.20,55.79952141,37.39477791,176.65
6050.21,55.79951824,37.39479283,176.65
6051.21,55.79951508,37.39480775,176.65
6052.22,55.79951192,37.39482267,176.65
6053.22,55.79950875,37.39483760,176.66
6054.23,55.79950559,37.39485252,176.66
6055.23,55.79950244,37.39486745,176.66
6056.24,55.79949928,37.39488238,176.66
6057.24,55.79949612,37.39489730,176.67
6058.25,55.79949297,37.39491223,176.67
6059.25,55.79948981,37.39492716,176.67
6060.25,55.79948665,37.39494208,176.67
6061.25,55.79948349,37.39495701,176.67
6062.25,55.79948032,37.39497193,176.67
6063.24,55.79947716,37.39498685,176.67
6064.24,55.79947400,37.39500177,176.67
6065.24,55.79947083,37.39501670,176.68
6066.24,55.79946768,37.39503163,176.68
6067.23,55.79946452,37.39504655,176.68
6068.23,55.79946136,37.39506148,176.68
6069.23,55.79945820,37.39507641,176.68
6070.23,55.79945504,37.39509133,176.68
6071.22,55.79945187,37.39510625,176.68
6072.22,55.79944869,37.39512116,176.68
6073.22,55.79944550,37.39513606,176.68
6074.21,55.79944230,37.39515096,176.68
6075.21,55.79943910,37.39516586,176.69
6076.21,55.79943589,37.39518075,176.69
6077.21,55.79943268,37.39519564,176.69
6078.20,55.79942948,37.39521054,176.69
6079.20,55.79942627,37.39522543,176.69
6080.20,55.79942307,37.39524033,176.69
6081.20,55.79941987,37.39525523,176.69
6082.19,55.79941668,37.39527013,176.69
6083.19,55.79941349,37.39528504,176.69
6084.19,55.79941030,37.39529994,176.69
6085.19,55.79940711,37.39531485,176.69
6086.18,55.79940393,37.39532976,176.69
6087.18,55.79940076,37.39534468,176.69
6088.18,55.79939759,37.39535960,176.69
6089.18,55.79939443,37.39537452,176.69
6090.17,55.79939127,37.39538944,176.69
6091.17,55.79938811,37.39540437,176.69
6092.17,55.79938495,37.39541929,176.69
6093.17,55.79938178,37.39543422,176.69
6094.16,55.79937861,37.39544914,176.69
6095.16,55.79937544,37.39546405,176.69
6096.16,55.79937227,37.39547897,176.69
6097.15,55.79936910,37.39549389,176.69
6098.15,55.79936592,37.39550880,176.69
6099.15,55.79936276,37.39552372,176.69
6100.15,55.79935958,37.39553864,176.69
6101.14,55.79935641,37.39555356,176.69
6102.14,55.79935324,37.39556847,176.69
6103.14,55.79935006,37.39558339,176.69
6104.14,55.79934688,37.39559830,176.69
6105.13,55.79934370,37.39561321,176.69
6106.13,55.79934051,37.39562812,176.69
6107.13,55.79933734,37.39564303,176.69
6108.13,55.79933417,37.39565795,176.69
6109.12,55.79933101,37.39567288,176.69
6110.12,55.79932786,37.39568781,176.69
6111.12,55.79932472,37.39570274,176.69
6112.12,55.79932156,37.39571767,176.69
6113.11,55.79931840,37.39573260,176.69
6114.11,55.79931523,37.39574751,176.69
6115.11,55.79931204,37.39576242,176.69
6116.11,55.79930884,37.39577732,176.69
6117.10,55.79930563,37.39579221,176.69
6118.10,55.79930242,37.39580710,176.68
6119.10,55.79929920,37.39582199,176.68
6120.09,55.79929600,37.39583688,176.68
6121.09,55.79929279,37.39585178,176.68
6122.08,55.79928960,37.39586668,176.67
6123.08,55.79928642,37.39588159,176.67
6124.07,55.79928324,37.39589650,176.67
6125.07,55.79928007,37.39591142,176.66
6126.06,55.79927691,37.39592635,176.66
6127.06,55.79927375,37.39594127,176.66
6128.05,55.79927059,37.39595620,176.66
6129.05,55.79926743,37.39597112,176.65
6130.04,55.79926427,37.39598605,176.65
6131.04,55.79926111,37.39600097,176.65
6132.03,55.79925794,37.39601589,176.65
6133.03,55.79925477,37.39603081,176.65
6134.02,55.79925160,37.39604573,176.64
6135.02,55.79924843,37.39606064,176.64
6136.01,55.79924526,37.39607556,176.64
6137.01,55.79924210,37.39609049,176.64
6138.00,55.79923894,37.39610541,176.64
6139.00,55.79923578,37.39612034,176.63
6139.99,55.79923262,37.39613527,176.63
6140.99,55.79922947,37.39615019,176.63
6141.98,55.79922631,37.39616512,176.63
6142.98,55.79922315,37.39618004,176.62
6143.97,55.79921998,37.39619496,176.62
6144.97,55.79921681,37.39620988,176.62
6145.96,55.79921364,37.39622480,176.62
6146.96,55.79921048,37.39623972,176.61
6147.95,55.79920733,37.39625465,176.61
6148.95,55.79920419,37.39626959,176.61
6149.94,55.79920107,37.39628455,176.60
6150.94,55.79919797,37.39629951,176.60
6151.93,55.79919487,37.39631448,176.59
6152.93,55.79919178,37.39632945,176.59
6153.92,55.79918868,37.39634441,176.59
6154.92,55.79918557,37.39635937,176.58
6155.91,55.79918244,37.39637431,176.58
6156.91,55.79917929,37.39638924,176.58
6157.90,55.79917612,37.39640416,176.57
6158.90,55.79917293,37.39641907,176.57
6159.90,55.79916974,37.39643398,176.57
6160.90,55.79916655,37.39644888,176.56
6161.90,55.79916336,37.39646378,176.56
6162.90,55.79916018,37.39647869,176.56
6163.90,55.79915700,37.39649360,176.55
6164.90,55.79915382,37.39650852,176.55
6165.90,55.79915065,37.39652344,176.54
6166.90,55.79914749,37.39653836,176.54
6167.90,55.79914432,37.39655328,176.54
6168.90,55.79914115,37.39656820,176.53
6169.91,55.79913799,37.39658312,176.52
6170.91,55.79913481,37.39659804,176.52
6171.91,55.79913163,37.39661294,176.51
6172.91,55.79912843,37.39662784,176.50
6173.91,55.79912521,37.39664273,176.50
6174.91,55.79912197,37.39665760,176.49
6175.91,55.79911871,37.39667245,176.48
6176.91,55.79911543,37.39668730,176.48
6177.91,55.79911213,37.39670213,176.47
6178.91,55.79910883,37.39671696,176.46
6179.91,55.79910553,37.39673179,176.46
6180.91,55.79910224,37.39674662,176.45
6181.91,55.79909897,37.39676147,176.44
6182.92,55.79909573,37.39677634,176.43
6183.92,55.79909251,37.39679123,176.43
6184.92,55.79908933,37.39680614,176.42
6185.92,55.79908618,37.39682107,176.41
6186.92,55.79908306,37.39683602,176.41
6187.92,55.79907997,37.39685100,176.40
6188.92,55.79907692,37.39686599,176.40
6189.92,55.79907389,37.39688100,176.39
6190.92,55.79907089,37.39689603,176.39
6191.92,55.79906792,37.39691107,176.38
6192.92,55.79906497,37.39692614,176.38
6193.92,55.79906204,37.39694121,176.38
6194.92,55.79905914,37.39695630,176.37
6195.93,55.79905626,37.39697140,176.37
6196.93,55.79905339,37.39698651,176.36
6197.93,55.79905054,37.39700163,176.36
6198.93,55.79904771,37.39701676,176.35
6199.93,55.79904489,37.39703190,176.35
6200.93,55.79904210,37.39704705,176.34
6201.93,55.79903932,37.39706222,176.33
6202.93,55.79903656,37.39707739,176.33
6203.93,55.79903382,37.39709258,176.32
6204.93,55.79903112,37.39710778,176.31
6205.93,55.79902845,37.39712300,176.30
6206.93,55.79902581,37.39713825,176.29
6207.93,55.79902322,37.39715351,176.28
6208.93,55.79902066,37.39716880,176.28
6209.93,55.79901816,37.39718411,176.27
6210.93,55.79901569,37.39719944,176.26
6211.93,55.79901326,37.39721479,176.25
6212.93,55.79901086,37.39723015,176.24
6213.93,55.79900850,37.39724554,176.23
6214.93,55.79900617,37.39726094,176.22
6215.93,55.79900388,37.39727635,176.21
6216.93,55.79900162,37.39729178,176.20
6217.93,55.79899941,37.39730724,176.19
6218.93,55.79899723,37.39732271,176.18
6219.93,55.79899510,37.39733820,176.17
6220.93,55.79899301,37.39735370,176.16
6221.93,55.79899097,37.39736923,176.15
6222.93,55.79898896,37.39738477,176.14
6223.93,55.79898700,37.39740033,176.13
6224.93,55.79898506,37.39741590,176.12
6225.94,55.79898316,37.39743148,176.12
6226.94,55.79898129,37.39744708,176.11
6227.94,55.79897946,37.39746268,176.10
6228.94,55.79897765,37.39747830,176.09
6229.94,55.79897587,37.39749393,176.08
6230.94,55.79897411,37.39750957,176.08
6231.94,55.79897238,37.39752521,176.07
6232.94,55.79897068,37.39754087,176.06
6233.94,55.79896900,37.39755653,176.05
6234.94,55.79896734,37.39757220,176.05
6235.94,55.79896571,37.39758788,176.04
6236.94,55.79896409,37.39760357,176.04
6237.94,55.79896250,37.39761926,176.03
6238.94,55.79896093,37.39763496,176.02
6239.94,55.79895938,37.39765066,176.02
6240.94,55.79895785,37.39766637,176.01
6241.94,55.79895634,37.39768209,176.01
6242.94,55.79895485,37.39769781,176.00
6243.94,55.79895339,37.39771354,175.99
6244.94,55.79895195,37.39772928,175.99
6245.94,55.79895054,37.39774503,175.98
6246.94,55.79894916,37.39776078,175.98
6247.94,55.79894780,37.39777655,175.97
6248.94,55.79894647,37.39779231,175.97
6249.94,55.79894517,37.39780809,175.96
6250.94,55.79894390,37.39782387,175.96
6251.94,55.79894265,37.39783966,175.96
6252.94,55.79894144,37.39785546,175.95
6253.94,55.79894026,37.39787127,175.95
6254.94,55.79893912,37.39788708,175.94
6255.94,55.79893803,37.39790291,175.94
6256.94,55.79893698,37.39791875,175.93
6257.94,55.79893599,37.39793459,175.93
6258.94,55.79893505,37.39795045,175.92
6259.94,55.79893415,37.39796631,175.91
6260.94,55.79893330,37.39798219,175.91
6261.94,55.79893248,37.39799806,175.90
6262.94,55.79893169,37.39801395,175.90
6263.94,55.79893093,37.39802983,175.89
6264.94,55.79893018,37.39804572,175.88
6265.94,55.79892946,37.39806162,175.87
6266.94,55.79892877,37.39807751,175.87
6267.93,55.79892811,37.39809341,175.86
6268.93,55.79892748,37.39810932,175.85
6269.93,55.79892689,37.39812523,175.84
6270.93,55.79892635,37.39814114,175.83
6271.93,55.79892585,37.39815706,175.82
6272.93,55.79892540,37.39817299,175.81
6273.93,55.79892499,37.39818892,175.80
6274.93,55.79892463,37.39820485,175.79
6275.93,55.79892431,37.39822078,175.78
6276.92,55.79892403,37.39823672,175.77
6277.92,55.79892379,37.39825266,175.76
6278.92,55.79892358,37.39826860,175.75
6279.92,55.79892339,37.39828454,175.74
6280.92,55.79892323,37.39830048,175.73
6281.92,55.79892309,37.39831642,175.72
6282.92,55.79892297,37.39833237,175.70
6283.92,55.79892286,37.39834831,175.69
6284.92,55.79892277,37.39836425,175.68
6285.91,55.79892269,37.39838020,175.67
6286.91,55.79892262,37.39839614,175.66
6287.91,55.79892257,37.39841208,175.65
6288.91,55.79892253,37.39842803,175.64
6289.91,55.79892249,37.39844397,175.63
6290.91,55.79892247,37.39845992,175.62
6291.91,55.79892247,37.39847586,175.61
6292.91,55.79892248,37.39849180,175.60
6293.91,55.79892251,37.39850775,175.59
6294.90,55.79892256,37.39852369,175.59
6295.90,55.79892264,37.39853964,175.58
6296.90,55.79892275,37.39855558,175.57
6297.90,55.79892289,37.39857152,175.56
6298.90,55.79892305,37.39858746,175.56
6299.90,55.79892323,37.39860341,175.55
6300.90,55.79892343,37.39861935,175.54
6301.90,55.79892365,37.39863529,175.54
6302.89,55.79892388,37.39865122,175.53
6303.89,55.79892413,37.39866716,175.53
6304.89,55.79892439,37.39868310,175.52
6305.89,55.79892468,37.39869904,175.52
6306.89,55.79892499,37.39871497,175.52
6307.89,55.79892534,37.39873090,175.51
6308.89,55.79892571,37.39874683,175.51
6309.89,55.79892613,37.39876276,175.50
6310.89,55.79892658,37.39877869,175.50
6311.88,55.79892706,37.39879461,175.49
6312.88,55.79892758,37.39881053,175.49
6313.88,55.79892812,37.39882644,175.48
6314.88,55.79892870,37.39884235,175.48
6315.88,55.79892931,37.39885826,175.47
6316.88,55.79892995,37.39887416,175.46
6317.88,55.79893064,37.39889006,175.45
6318.88,55.79893137,37.39890595,175.45
6319.88,55.79893214,37.39892184,175.44
6320.88,55.79893295,37.39893772,175.43
6321.89,55.79893380,37.39895359,175.42
6322.89,55.79893469,37.39896945,175.41
6323.89,55.79893562,37.39898531,175.40
6324.90,55.79893657,37.39900117,175.39
6325.90,55.79893755,37.39901702,175.38
6326.90,55.79893855,37.39903286,175.36
6327.90,55.79893958,37.39904870,175.35
6328.91,55.79894062,37.39906454,175.34
6329.91,55.79894169,37.39908037,175.32
6330.91,55.79894277,37.39909620,175.31
6331.92,55.79894387,37.39911202,175.30
6332.92,55.79894499,37.39912784,175.29
6333.92,55.79894612,37.39914366,175.28
6334.93,55.79894728,37.39915947,175.27
6335.93,55.79894846,37.39917528,175.26
6336.93,55.79894966,37.39919108,175.25
6337.94,55.79895090,37.39920687,175.24
6338.94,55.79895216,37.39922266,175.23
6339.93,55.79895346,37.39923843,175.22
6340.93,55.79895478,37.39925420,175.21
6341.93,55.79895613,37.39926997,175.20
6342.92,55.79895749,37.39928573,175.19
6343.92,55.79895885,37.39930149,175.18
6344.91,55.79896020,37.39931725,175.17
6345.91,55.79896154,37.39933302,175.16
6346.91,55.79896286,37.39934879,175.15
6347.90,55.79896415,37.39936457,175.14
6348.90,55.79896542,37.39938035,175.13
6349.89,55.79896667,37.39939614,175.12
6350.89,55.79896792,37.39941193,175.11
6351.89,55.79896917,37.39942772,175.10
6352.88,55.79897042,37.39944351,175.09
6353.88,55.79897168,37.39945930,175.08
6354.87,55.79897295,37.39947508,175.07
6355.87,55.79897424,37.39949086,175.06
6356.87,55.79897555,37.39950663,175.05
6357.86,55.79897687,37.39952241,175.04
6358.86,55.79897819,37.39953818,175.03
6359.85,55.79897952,37.39955394,175.02
6360.85,55.79898086,37.39956971,175.01
6361.84,55.79898218,37.39958548,175.00
6362.84,55.79898350,37.39960125,174.99
6363.84,55.79898481,37.39961703,174.98
6364.83,55.79898611,37.39963280,174.97
6365.83,55.79898740,37.39964858,174.96
6366.82,55.79898868,37.39966436,174.95
6367.82,55.79898995,37.39968015,174.94
6368.82,55.79899122,37.39969593,174.93
6369.81,55.79899249,37.39971172,174.92
6370.81,55.79899376,37.39972750,174.91
6371.80,55.79899502,37.39974329,174.90
6372.80,55.79899628,37.39975907,174.89
6373.80,55.79899753,37.39977486,174.88
6374.79,55.79899878,37.39979065,174.87
6375.79,55.79900004,37.39980644,174.86
6376.78,55.79900130,37.39982223,174.85
6377.78,55.79900256,37.39983801,174.84
6378.78,55.79900383,37.39985380,174.83
6379.77,55.79900511,37.39986958,174.82
6380.77,55.79900641,37.39988536,174.81
6381.76,55.79900770,37.39990113,174.80
6382.76,55.79900900,37.39991691,174.79
6383.75,55.79901030,37.39993269,174.78
6384.75,55.79901160,37.39994846,174.77
6385.75,55.79901290,37.39996424,174.76
6386.74,55.79901418,37.39998002,174.75
6387.74,55.79901547,37.39999580,174.74
6388.73,55.79901676,37.40001158,174.73
6389.73,55.79901805,37.40002736,174.72
6390.73,55.79901935,37.40004314,174.71
6391.72,55.79902065,37.40005891,174.70
6392.72,55.79902196,37.40007469,174.70
6393.71,55.79902327,37.40009046,174.69
6394.71,55.79902457,37.40010623,174.68
6395.71,55.79902586,37.40012201,174.67
6396.70,55.79902714,37.40013779,174.66
6397.70,55.79902841,37.40015358,174.65
6398.69,55.79902966,37.40016937,174.64
6399.70,55.79903090,37.40018516,174.63
6400.71,55.79903214,37.40020095,174.63
6401.71,55.79903339,37.40021674,174.62
6402.72,55.79903463,37.40023253,174.61
6403.72,55.79903589,37.40024832,174.60
6404.73,55.79903715,37.40026411,174.60
6405.74,55.79903843,37.40027989,174.59
6406.74,55.79903972,37.40029567,174.58
6407.75,55.79904102,37.40031144,174.58
6408.75,55.79904233,37.40032722,174.57
6409.76,55.79904365,37.40034299,174.56
6410.77,55.79904498,37.40035876,174.55
6411.77,55.79904631,37.40037453,174.55
6412.78,55.79904765,37.40039029,174.54
6413.79,55.79904898,37.40040606,174.53
6414.79,55.79905031,37.40042183,174.52
6415.80,55.79905163,37.40043760,174.51
6416.80,55.79905293,37.40045338,174.50
6417.81,55.79905422,37.40046916,174.50
6418.82,55.79905550,37.40048494,174.49
6419.82,55.79905676,37.40050073,174.48
6420.83,55.79905801,37.40051652,174.47
6421.83,55.79905925,37.40053231,174.46
6422.84,55.79906049,37.40054810,174.45
6423.85,55.79906173,37.40056389,174.45
6424.85,55.79906298,37.40057968,174.44
6425.86,55.79906423,37.40059547,174.43
6426.87,55.79906550,37.40061125,174.42
6427.87,55.79906677,37.40062704,174.41
6428.88,55.79906804,37.40064282,174.40
6429.88,55.79906932,37.40065860,174.40
6430.89,55.79907061,37.40067438,174.39
6431.90,55.79907190,37.40069016,174.38
6432.90,55.79907320,37.40070594,174.37
6433.91,55.79907450,37.40072171,174.36
6434.91,55.79907580,37.40073749,174.36
6435.92,55.79907710,37.40075327,174.35
6436.93,55.79907840,37.40076904,174.34
6437.93,55.79907969,37.40078482,174.33
6438.94,55.79908098,37.40080060,174.32
6439.95,55.79908226,37.40081638,174.32
6440.95,55.79908354,37.40083217,174.31
6441.96,55.79908481,37.40084795,174.30
6442.96,55.79908607,37.40086374,174.29
6443.97,55.79908733,37.40087952,174.28
6444.98,55.79908858,37.40089531,174.27
6445.98,55.79908982,37.40091110,174.27
6446.99,55.79909107,37.40092689,174.26
6447.99,55.79909232,37.40094268,174.25
6449.00,55.79909357,37.40095847,174.24
6450.01,55.79909483,37.40097426,174.23
6451.01,55.79909609,37.40099004,174.22
6452.02,55.79909738,37.40100582,174.21
6453.03,55.79909867,37.40102160,174.20
6454.03,55.79909997,37.40103738,174.19
6455.04,55.79910128,37.40105315,174.18
6456.04,55.79910260,37.40106893,174.17
6457.05,55.79910391,37.40108470,174.16
6458.06,55.79910521,37.40110047,174.15
6459.06,55.79910651,37.40111625,174.14
6460.07,55.79910779,37.40113203,174.13
6461.07,55.79910906,37.40114782,174.12
6462.08,55.79911033,37.40116360,174.11
6463.09,55.79911159,37.40117939,174.10
6464.09,55.79911285,37.40119518,174.09
6465.10,55.79911411,37.40121096,174.08
6466.11,55.79911538,37.40122675,174.08
6467.11,55.79911666,37.40124253,174.07
6468.12,55.79911793,37.40125831,174.06
6469.12,55.79911921,37.40127409,174.05
6470.13,55.79912049,37.40128988,174.04
6471.14,55.79912176,37.40130566,174.03
6472.14,55.79912302,37.40132144,174.02
6473.15,55.79912429,37.40133723,174.01
6474.15,55.79912555,37.40135302,174.00
6475.16,55.79912681,37.40136880,173.99
6476.17,55.79912807,37.40138459,173.98
6477.17,55.79912933,37.40140038,173.97
6478.18,55.79913059,37.40141616,173.96
6479.19,55.79913185,37.40143195,173.95
6480.18,55.79913312,37.40144774,173.94
6481.17,55.79913438,37.40146352,173.93
6482.17,55.79913566,37.40147930,173.92
6483.16,55.79913694,37.40149509,173.92
6484.16,55.79913822,37.40151087,173.91
6485.15,55.79913951,37.40152665,173.90
6486.15,55.79914080,37.40154242,173.89
6487.14,55.79914209,37.40155820,173.88
6488.14,55.79914339,37.40157398,173.88
6489.13,55.79914468,37.40158976,173.87
6490.13,55.79914597,37.40160554,173.86
6491.12,55.79914726,37.40162132,173.85
6492.12,55.79914854,37.40163710,173.85
6493.11,55.79914982,37.40165288,173.84
6494.11,55.79915110,37.40166866,173.83
6495.10,55.79915238,37.40168445,173.83
6496.10,55.79915366,37.40170023,173.82
6497.09,55.79915493,37.40171601,173.82
6498.08,55.79915621,37.40173179,173.81
6499.08,55.79915749,37.40174757,173.80
6500.07,55.79915878,37.40176335,173.80
6501.07,55.79916007,37.40177913,173.79
6502.06,55.79916136,37.40179491,173.78
6503.06,55.79916265,37.40181069,173.77
6504.05,55.79916394,37.40182647,173.77
6505.05,55.79916522,37.40184225,173.76
6506.04,55.79916650,37.40185803,173.75
6507.04,55.79916778,37.40187382,173.74
6508.03,55.79916905,37.40188960,173.74
6509.03,55.79917031,37.40190539,173.73
6510.02,55.79917157,37.40192117,173.72
6511.02,55.79917283,37.40193696,173.72
6512.01,55.79917408,37.40195275,173.71
6513.00,55.79917532,37.40196854,173.70
6514.00,55.79917657,37.40198433,173.69
6514.99,55.79917782,37.40200012,173.69
6515.99,55.79917909,37.40201590,173.68
6516.98,55.79918038,37.40203168,173.67
6517.98,55.79918169,37.40204746,173.67
6518.97,55.79918301,37.40206323,173.66
6519.97,55.79918435,37.40207899,173.65
6520.96,55.79918569,37.40209476,173.65
6521.96,55.79918703,37.40211053,173.64
6522.95,55.79918836,37.40212630,173.64
6523.95,55.79918967,37.40214207,173.63
6524.94,55.79919096,37.40215785,173.63
6525.94,55.79919222,37.40217363,173.62
6526.93,55.79919348,37.40218942,173.61
6527.92,55.79919471,37.40220521,173.61
6528.92,55.79919594,37.40222101,173.60
6529.91,55.79919717,37.40223680,173.60
6530.91,55.79919840,37.40225260,173.59
6531.90,55.79919964,37.40226839,173.59
6532.90,55.79920089,37.40228418,173.58
6533.89,55.79920215,37.40229997,173.57
6534.89,55.79920342,37.40231575,173.57
6535.88,55.79920471,37.40233153,173.56
6536.88,55.79920601,37.40234731,173.55
6537.87,55.79920732,37.40236308,173.55
6538.87,55.79920865,37.40237885,173.54
6539.86,55.79920997,37.40239462,173.53
6540.86,55.79921130,37.40241039,173.53
6541.86,55.79921262,37.40242616,173.52
6542.85,55.79921394,37.40244193,173.51
6543.85,55.79921523,37.40245771,173.51
6544.85,55.79921652,37.40247349,173.50
6545.85,55.79921780,37.40248927,173.50
6546.84,55.79921907,37.40250506,173.49
6547.84,55.79922034,37.40252084,173.49
6548.84,55.79922161,37.40253662,173.48
6549.83,55.79922289,37.40255241,173.47
6550.83,55.79922418,37.40256819,173.47
6551.83,55.79922548,37.40258396,173.46
6552.82,55.79922679,37.40259974,173.46
6553.82,55.79922810,37.40261551,173.45
6554.82,55.79922941,37.40263128,173.45
6555.82,55.79923071,37.40264706,173.44
6556.81,55.79923200,37.40266284,173.44
6557.81,55.79923328,37.40267862,173.43
6558.81,55.79923454,37.40269441,173.43
6559.80,55.79923580,37.40271019,173.42
6560.80,55.79923705,37.40272598,173.42
6561.80,55.79923831,37.40274177,173.41
6562.79,55.79923958,37.40275756,173.40
6563.79,55.79924086,37.40277334,173.40
6564.79,55.79924216,37.40278911,173.39
6565.78,55.79924347,37.40280489,173.39
6566.78,55.79924479,37.40282066,173.38
6567.78,55.79924613,37.40283643,173.37
6568.78,55.79924746,37.40285219,173.36
6569.77,55.79924878,37.40286797,173.36
6570.77,55.79925009,37.40288374,173.35
6571.77,55.79925138,37.40289952,173.34
6572.76,55.79925265,37.40291530,173.34
6573.76,55.79925390,37.40293109,173.33
6574.76,55.79925514,37.40294688,173.32
6575.75,55.79925637,37.40296268,173.32
6576.75,55.79925759,37.40297847,173.31
6577.75,55.79925883,37.40299427,173.31
6578.75,55.79926007,37.40301006,173.30
6579.74,55.79926132,37.40302585,173.29
6580.74,55.79926259,37.40304163,173.29
6581.74,55.79926388,37.40305741,173.28
6582.74,55.79926517,37.40307319,173.28
6583.74,55.79926648,37.40308896,173.27
6584.74,55.79926779,37.40310474,173.27
6585.74,55.79926912,37.40312051,173.26
6586.74,55.79927045,37.40313628,173.26
6587.73,55.79927177,37.40315205,173.25
6588.73,55.79927308,37.40316782,173.25
6589.73,55.79927439,37.40318360,173.24
6590.73,55.79927568,37.40319937,173.24
6591.73,55.79927696,37.40321516,173.23
6592.73,55.79927822,37.40323094,173.23
6593.73,55.79927947,37.40324673,173.22
6594.73,55.79928071,37.40326252,173.22
6595.72,55.79928196,37.40327831,173.21
6596.72,55.79928320,37.40329411,173.20
6597.72,55.79928444,37.40330990,173.20
6598.72,55.79928568,37.40332569,173.19
6599.72,55.79928693,37.40334148,173.18
6600.72,55.79928819,37.40335727,173.18
6601.72,55.79928944,37.40337305,173.17
6602.72,55.79929071,37.40338884,173.16
6603.72,55.79929198,37.40340462,173.16
6604.72,55.79929325,37.40342041,173.15
6605.71,55.79929453,37.40343619,173.14
6606.71,55.79929583,37.40345197,173.14
6607.71,55.79929713,37.40346774,173.13
6608.71,55.79929844,37.40348352,173.12
6609.71,55.79929976,37.40349929,173.11
6610.71,55.79930108,37.40351506,173.11
6611.71,55.79930240,37.40353083,173.10
6612.71,55.79930372,37.40354660,173.09
6613.71,55.79930503,37.40356238,173.09
6614.71,55.79930631,37.40357816,173.08
6615.71,55.79930758,37.40359394,173.07
6616.70,55.79930883,37.40360973,173.07
6617.70,55.79931007,37.40362552,173.06
6618.70,55.79931130,37.40364132,173.05
6619.70,55.79931254,37.40365711,173.05
6620.70,55.79931379,37.40367290,173.04
6621.70,55.79931506,37.40368868,173.03
6622.70,55.79931634,37.40370446,173.03
6623.70,55.79931765,37.40372024,173.02
6624.70,55.79931898,37.40373601,173.01
6625.70,55.79932032,37.40375177,173.01
6626.70,55.79932167,37.40376754,173.00
6627.70,55.79932303,37.40378330,173.00
6628.70,55.79932437,37.40379906,172.99
6629.70,55.79932571,37.40381483,172.98
6630.70,55.79932703,37.40383060,172.98
6631.70,55.79932833,37.40384638,172.97
6632.70,55.79932962,37.40386216,172.96
6633.70,55.79933089,37.40387794,172.96
6634.70,55.79933216,37.40389373,172.95
6635.70,55.79933342,37.40390951,172.95
6636.70,55.79933469,37.40392530,172.94
6637.70,55.79933597,37.40394108,172.94
6638.70,55.79933726,37.40395686,172.93
6639.70,55.79933856,37.40397263,172.93
6640.70,55.79933988,37.40398841,172.92
6641.70,55.79934120,37.40400418,172.92
6642.71,55.79934253,37.40401994,172.91
6643.71,55.79934386,37.40403571,172.91
6644.71,55.79934519,37.40405148,172.90
6645.72,55.79934651,37.40406726,172.90
6646.72,55.79934781,37.40408303,172.89
6647.72,55.79934911,37.40409881,172.89
6648.73,55.79935040,37.40411459,172.88
6649.73,55.79935169,37.40413037,172.88
6650.73,55.79935298,37.40414614,172.87
6651.74,55.79935428,37.40416192,172.87
6652.74,55.79935558,37.40417770,172.87
6653.74,55.79935689,37.40419347,172.86
6654.74,55.79935821,37.40420925,172.86
6655.75,55.79935952,37.40422502,172.85
6656.75,55.79936084,37.40424079,172.85
6657.75,55.79936215,37.40425656,172.84
6658.76,55.79936345,37.40427234,172.84
6659.76,55.79936474,37.40428812,172.84
6660.76,55.79936601,37.40430390,172.83
6661.77,55.79936728,37.40431969,172.83
6662.77,55.79936855,37.40433547,172.82
6663.77,55.79936982,37.40435126,172.82
6664.78,55.79937109,37.40436704,172.82
6665.78,55.79937238,37.40438282,172.81
6666.78,55.79937366,37.40439860,172.81
6667.78,55.79937496,37.40441438,172.80
6668.79,55.79937625,37.40443016,172.80
6669.79,55.79937755,37.40444594,172.79
6670.79,55.79937884,37.40446171,172.79
6671.80,55.79938014,37.40447749,172.79
6672.80,55.79938144,37.40449327,172.78
6673.80,55.79938274,37.40450904,172.78
6674.81,55.79938404,37.40452482,172.77
6675.81,55.79938535,37.40454059,172.77
6676.81,55.79938667,37.40455637,172.77
6677.82,55.79938799,37.40457214,172.76
6678.82,55.79938931,37.40458791,172.76
6679.82,55.79939063,37.40460368,172.75
6680.82,55.79939194,37.40461945,172.75
6681.82,55.79939324,37.40463523,172.75
6682.82,55.79939454,37.40465101,172.74
6683.82,55.79939582,37.40466679,172.74
6684.82,55.79939710,37.40468257,172.73
6685.83,55.79939836,37.40469836,172.73
6686.83,55.79939962,37.40471415,172.73
6687.83,55.79940086,37.40472994,172.72
6688.83,55.79940209,37.40474573,172.72
6689.83,55.79940331,37.40476153,172.72
6690.83,55.79940454,37.40477732,172.71
6691.83,55.79940576,37.40479312,172.71
6692.83,55.79940699,37.40480891,172.70
6693.83,55.79940824,37.40482470,172.70
6694.84,55.79940951,37.40484049,172.70
6695.84,55.79941079,37.40485627,172.69
6696.84,55.79941210,37.40487204,172.69
6697.84,55.79941342,37.40488781,172.68
6698.84,55.79941478,37.40490358,172.68
6699.84,55.79941616,37.40491933,172.67
6700.84,55.79941757,37.40493508,172.67
6701.84,55.79941902,37.40495081,172.66
6702.84,55.79942051,37.40496654,172.66
6703.84,55.79942205,37.40498225,172.65
6704.84,55.79942363,37.40499794,172.65
6705.84,55.79942527,37.40501362,172.65
6706.84,55.79942697,37.40502927,172.64
6707.84,55.79942873,37.40504491,172.64
6708.85,55.79943056,37.40506052,172.63
6709.85,55.79943246,37.40507610,172.63
6710.85,55.79943442,37.40509166,172.63
6711.85,55.79943646,37.40510719,172.62
6712.85,55.79943857,37.40512269,172.62
6713.85,55.79944073,37.40513817,172.62
6714.85,55.79944295,37.40515361,172.62
6715.85,55.79944523,37.40516904,172.61
6716.85,55.79944754,37.40518444,172.61
6717.85,55.79944991,37.40519982,172.61
6718.85,55.79945232,37.40521519,172.61
6719.85,55.79945477,37.40523053,172.60
6720.85,55.79945726,37.40524585,172.60
6721.85,55.79945979,37.40526115,172.60
6722.85,55.79946235,37.40527642,172.60
6723.85,55.79946496,37.40529168,172.59
6724.85,55.79946762,37.40530691,172.59
6725.85,55.79947032,37.40532212,172.59
6726.86,55.79947306,37.40533730,172.58
6727.86,55.79947585,37.40535246,172.58
6728.86,55.79947868,37.40536759,172.58
6729.86,55.79948157,37.40538269,172.57
6730.86,55.79948451,37.40539776,172.57
6731.86,55.79948750,37.40541279,172.56
6732.86,55.79949057,37.40542778,172.56
6733.86,55.79949370,37.40544272,172.56
6734.86,55.79949691,37.40545761,172.55
6735.86,55.79950018,37.40547246,172.55
6736.86,55.79950352,37.40548726,172.54
6737.86,55.79950693,37.40550201,172.54
6738.86,55.79951040,37.40551672,172.53
6739.86,55.79951392,37.40553139,172.53
6740.86,55.79951749,37.40554602,172.53
6741.86,55.79952111,37.40556061,172.52
6742.86,55.79952480,37.40557515,172.52
6743.86,55.79952854,37.40558965,172.52
6744.86,55.79953233,37.40560410,172.51
6745.86,55.79953619,37.40561850,172.51
6746.86,55.79954012,37.40563284,172.50
6747.86,55.79954411,37.40564712,172.50
6748.86,55.79954816,37.40566135,172.50
6749.86,55.79955227,37.40567553,172.49
6750.85,55.79955644,37.40568965,172.49
6751.85,55.79956066,37.40570373,172.48
6752.85,55.79956493,37.40571775,172.48
6753.85,55.79956926,37.40573172,172.48
6754.85,55.79957363,37.40574565,172.48
6755.85,55.79957805,37.40575953,172.48
6756.85,55.79958252,37.40577336,172.47
6757.85,55.79958703,37.40578715,172.47
6758.85,55.79959159,37.40580089,172.47
6759.85,55.79959619,37.40581459,172.47
6760.84,55.79960081,37.40582825,172.47
6761.84,55.79960548,37.40584188,172.46
6762.84,55.79961017,37.40585548,172.46
6763.83,55.79961489,37.40586904,172.46
6764.83,55.79961963,37.40588258,172.46
6765.83,55.79962440,37.40589609,172.46
6766.82,55.79962919,37.40590958,172.45
6767.82,55.79963401,37.40592303,172.45
6768.82,55.79963886,37.40593646,172.45
6769.81,55.79964373,37.40594985,172.45
6770.81,55.79964863,37.40596322,172.44
6771.81,55.79965355,37.40597655,172.44
6772.81,55.79965850,37.40598985,172.44
6773.80,55.79966348,37.40600312,172.43
6774.80,55.79966848,37.40601636,172.43
6775.80,55.79967352,37.40602957,172.42
6776.79,55.79967859,37.40604273,172.42
6777.79,55.79968369,37.40605586,172.42
6778.79,55.79968883,37.40606893,172.41
6779.78,55.79969402,37.40608194,172.41
6780.78,55.79969927,37.40609488,172.40
6781.78,55.79970457,37.40610776,172.40
6782.77,55.79970992,37.40612055,172.40
6783.77,55.79971534,37.40613327,172.39
6784.77,55.79972082,37.40614591,172.39
6785.76,55.79972635,37.40615847,172.39
6786.76,55.79973194,37.40617095,172.38
6787.76,55.79973758,37.40618336,172.38
6788.75,55.79974326,37.40619570,172.38
6789.75,55.79974899,37.40620798,172.38
6790.75,55.79975476,37.40622021,172.38
6791.74,55.79976055,37.40623239,172.37
6792.74,55.79976637,37.40624454,172.37
6793.74,55.79977220,37.40625666,172.37
6794.73,55.79977805,37.40626876,172.37
6795.73,55.79978392,37.40628084,172.37
6796.73,55.79978980,37.40629289,172.37
6797.72,55.79979569,37.40630493,172.37
6798.72,55.79980159,37.40631695,172.36
6799.72,55.79980751,37.40632893,172.36
6800.73,55.79981345,37.40634089,172.36
6801.73,55.79981942,37.40635281,172.36
6802.73,55.79982540,37.40636470,172.35
6803.74,55.79983142,37.40637654,172.35
6804.74,55.79983746,37.40638834,172.35
6805.74,55.79984353,37.40640009,172.35
6806.74,55.79984964,37.40641177,172.35
6807.75,55.79985580,37.40642339,172.34
6808.75,55.79986199,37.40643493,172.34
6809.75,55.79986824,37.40644639,172.34
6810.76,55.79987454,37.40645775,172.34
6811.76,55.79988089,37.40646902,172.34
6812.76,55.79988730,37.40648020,172.33
6813.77,55.79989375,37.40649130,172.33
6814.77,55.79990024,37.40650231,172.33
6815.77,55.79990678,37.40651325,172.32
6816.77,55.79991335,37.40652412,172.32
6817.78,55.79991995,37.40653492,172.32
6818.78,55.79992659,37.40654565,172.32
6819.78,55.79993327,37.40655633,172.31
6820.79,55.79993997,37.40656693,172.31
6821.79,55.79994671,37.40657748,172.31
6822.79,55.79995348,37.40658797,172.31
6823.79,55.79996026,37.40659840,172.31
6824.80,55.79996708,37.40660880,172.30
6825.80,55.79997391,37.40661914,172.30
6826.80,55.79998076,37.40662945,172.30
6827.81,55.79998764,37.40663971,172.30
6828.81,55.79999453,37.40664993,172.30
6829.81,55.80000145,37.40666011,172.29
6830.81,55.80000838,37.40667023,172.29
6831.82,55.80001535,37.40668030,172.29
6832.82,55.80002235,37.40669030,172.29
6833.82,55.80002938,37.40670022,172.29
6834.83,55.80003644,37.40671006,172.29
6835.83,55.80004355,37.40671981,172.28
6836.83,55.80005069,37.40672947,172.28
6837.84,55.80005789,37.40673902,172.28
6838.84,55.80006512,37.40674847,172.28
6839.84,55.80007240,37.40675780,172.28
6840.83,55.80007973,37.40676702,172.28
6841.83,55.80008711,37.40677612,172.28
6842.83,55.80009453,37.40678510,172.27
6843.83,55.80010200,37.40679395,172.27
6844.83,55.80010953,37.40680265,172.27
6845.82,55.80011710,37.40681121,172.27
6846.82,55.80012474,37.40681961,172.26
6847.82,55.80013242,37.40682788,172.26
6848.82,55.80014015,37.40683600,172.26
6849.81,55.80014792,37.40684398,172.25
6850.81,55.80015573,37.40685185,172.25
6851.81,55.80016358,37.40685962,172.25
6852.81,55.80017145,37.40686729,172.24
6853.81,55.80017935,37.40687488,172.24
6854.80,55.80018727,37.40688239,172.23
6855.80,55.80019521,37.40688983,172.23
6856.80,55.80020318,37.40689718,172.23
6857.80,55.80021118,37.40690444,172.22
6858.79,55.80021921,37.40691160,172.22
6859.79,55.80022726,37.40691864,172.21
6860.79,55.80023536,37.40692556,172.21
6861.79,55.80024348,37.40693235,172.21
6862.78,55.80025164,37.40693901,172.20
6863.78,55.80025984,37.40694553,172.20
6864.78,55.80026806,37.40695194,172.19
6865.77,55.80027631,37.40695824,172.19
6866.77,55.80028458,37.40696445,172.19
6867.77,55.80029287,37.40697059,172.18
6868.76,55.80030118,37.40697665,172.18
6869.76,55.80030950,37.40698265,172.18
6870.76,55.80031784,37.40698857,172.18
6871.75,55.80032620,37.40699441,172.17
6872.75,55.80033457,37.40700020,172.17
6873.75,55.80034295,37.40700592,172.17
6874.74,55.80035134,37.40701161,172.16
6875.74,55.80035974,37.40701728,172.16
6876.74,55.80036813,37.40702296,172.16
6877.73,55.80037651,37.40702867,172.15
6878.73,55.80038489,37.40703441,172.15
6879.73,55.80039327,37.40704018,172.15
6880.72,55.80040163,37.40704597,172.15
6881.72,55.80041000,37.40705179,172.14
6882.72,55.80041836,37.40705762,172.14
6883.71,55.80042672,37.40706344,172.14
6884.71,55.80043508,37.40706925,172.13
6885.71,55.80044345,37.40707505,172.13
6886.70,55.80045182,37.40708084,172.13
6887.70,55.80046019,37.40708662,172.12
6888.70,55.80046856,37.40709239,172.12
6889.69,55.80047693,37.40709815,172.12
6890.69,55.80048530,37.40710393,172.11
6891.69,55.80049368,37.40710971,172.11
6892.68,55.80050205,37.40711549,172.11
6893.68,55.80051041,37.40712128,172.10
6894.68,55.80051878,37.40712707,172.10
6895.67,55.80052715,37.40713286,172.09
6896.67,55.80053552,37.40713865,172.09
6897.67,55.80054389,37.40714444,172.08
6898.66,55.80055226,37.40715022,172.08
6899.66,55.80056063,37.40715601,172.07
6900.66,55.80056899,37.40716180,172.07
6901.66,55.80057736,37.40716761,172.06
6902.66,55.80058572,37.40717342,172.06
6903.66,55.80059408,37.40717924,172.05
6904.66,55.80060244,37.40718507,172.05
6905.66,55.80061080,37.40719091,172.04
6906.66,55.80061916,37.40719674,172.04
6907.66,55.80062752,37.40720257,172.03
6908.66,55.80063588,37.40720840,172.03
6909.66,55.80064424,37.40721422,172.02
6910.66,55.80065261,37.40722002,172.02
6911.66,55.80066097,37.40722582,172.01
6912.66,55.80066934,37.40723161,172.01
6913.66,55.80067771,37.40723740,172.00
6914.66,55.80068608,37.40724318,172.00
6915.66,55.80069445,37.40724896,171.99
6916.66,55.80070282,37.40725475,171.99
6917.66,55.80071119,37.40726054,171.98
6918.66,55.80071956,37.40726633,171.98
6919.66,55.80072793,37.40727212,171.97
6920.66,55.80073629,37.40727790,171.96
6921.66,55.80074466,37.40728369,171.96
6922.67,55.80075304,37.40728946,171.95
6923.67,55.80076141,37.40729523,171.95
6924.67,55.80076978,37.40730100,171.94
6925.67,55.80077815,37.40730677,171.94
6926.67,55.80078653,37.40731254,171.93
6927.67,55.80079490,37.40731832,171.93
6928.67,55.80080327,37.40732411,171.92
6929.68,55.80081163,37.40732990,171.92
6930.68,55.80082000,37.40733571,171.91
6931.68,55.80082836,37.40734152,171.91
6932.68,55.80083673,37.40734733,171.90
6933.68,55.80084509,37.40735313,171.90
6934.68,55.80085346,37.40735894,171.89
6935.69,55.80086182,37.40736473,171.89
6936.69,55.80087019,37.40737053,171.88
6937.69,55.80087856,37.40737631,171.88
6938.69,55.80088693,37.40738210,171.87
6939.69,55.80089530,37.40738789,171.87
6940.69,55.80090367,37.40739368,171.86
6941.70,55.80091203,37.40739948,171.86
6942.70,55.80092040,37.40740528,171.86
6943.70,55.80092877,37.40741108,171.85
6944.70,55.80093713,37.40741687,171.85
6945.71,55.80094550,37.40742266,171.84
6946.71,55.80095387,37.40742845,171.84
6947.71,55.80096224,37.40743423,171.83
6948.71,55.80097061,37.40744001,171.83
6949.72,55.80097898,37.40744579,171.82
6950.72,55.80098735,37.40745158,171.82
6951.72,55.80099572,37.40745737,171.81
6952.72,55.80100408,37.40746317,171.81
6953.73,55.80101245,37.40746899,171.80
6954.73,55.80102081,37.40747481,171.80
6955.73,55.80102917,37.40748062,171.79
6956.73,55.80103754,37.40748643,171.79
6957.73,55.80104590,37.40749224,171.78
6958.74,55.80105427,37.40749803,171.78
6959.74,55.80106264,37.40750381,171.77
6960.74,55.80107101,37.40750959,171.77
6961.74,55.80107938,37.40751538,171.76
6962.74,55.80108775,37.40752117,171.75
6963.74,55.80109611,37.40752697,171.75
6964.75,55.80110448,37.40753278,171.74
6965.75,55.80111284,37.40753860,171.74
6966.75,55.80112120,37.40754442,171.73
6967.75,55.80112956,37.40755023,171.73
6968.75,55.80113793,37.40755603,171.72
6969.75,55.80114630,37.40756181,171.72
6970.76,55.80115467,37.40756759,171.71
6971.76,55.80116304,37.40757336,171.70
6972.76,55.80117142,37.40757913,171.70
6973.76,55.80117979,37.40758490,171.69
6974.76,55.80118816,37.40759068,171.69
6975.76,55.80119653,37.40759647,171.69
6976.76,55.80120489,37.40760227,171.68
6977.77,55.80121326,37.40760808,171.68
6978.77,55.80122162,37.40761389,171.67
6979.77,55.80122999,37.40761970,171.67
6980.77,55.80123835,37.40762550,171.66
6981.77,55.80124672,37.40763128,171.66
6982.77,55.80125509,37.40763706,171.66
6983.76,55.80126347,37.40764282,171.65
6984.76,55.80127184,37.40764857,171.65
6985.76,55.80128022,37.40765433,171.64
6986.76,55.80128860,37.40766009,171.64
6987.76,55.80129697,37.40766586,171.63
6988.76,55.80130534,37.40767165,171.63
6989.76,55.80131370,37.40767746,171.62
6990.76,55.80132206,37.40768327,171.62
6991.76,55.80133043,37.40768909,171.61
6992.76,55.80133879,37.40769492,171.61
6993.76,55.80134715,37.40770075,171.60
6994.76,55.80135551,37.40770658,171.60
6995.76,55.80136387,37.40771240,171.59
6996.76,55.80137223,37.40771821,171.59
6997.76,55.80138059,37.40772402,171.58
6998.76,55.80138896,37.40772982,171.58
6999.76,55.80139733,37.40773562,171.57
7000.76,55.80140569,37.40774142,171.57
7001.76,55.80141406,37.40774721,171.56
7002.75,55.80142243,37.40775300,171.56
7003.75,55.80143080,37.40775878,171.55
7004.75,55.80143917,37.40776457,171.55
7005.75,55.80144754,37.40777036,171.54
7006.75,55.80145591,37.40777614,171.54
7007.75,55.80146428,37.40778193,171.54
7008.75,55.80147264,37.40778772,171.53
7009.75,55.80148101,37.40779351,171.53
7010.75,55.80148938,37.40779931,171.53
7011.75,55.80149775,37.40780510,171.52
7012.75,55.80150611,37.40781090,171.52
7013.75,55.80151448,37.40781671,171.52
7014.75,55.80152284,37.40782251,171.51
7015.75,55.80153121,37.40782831,171.51
7016.75,55.80153958,37.40783411,171.51
7017.75,55.80154794,37.40783991,171.50
7018.75,55.80155631,37.40784570,171.50
7019.75,55.80156468,37.40785148,171.50
7020.75,55.80157305,37.40785726,171.49
7021.75,55.80158142,37.40786303,171.49
7022.75,55.80158980,37.40786881,171.49
7023.75,55.80159817,37.40787459,171.49
7024.75,55.80160654,37.40788037,171.48
7025.75,55.80161490,37.40788616,171.48
7026.75,55.80162327,37.40789196,171.48
7027.76,55.80163164,37.40789776,171.47
7028.76,55.80164000,37.40790358,171.47
7029.76,55.80164836,37.40790939,171.47
7030.76,55.80165672,37.40791522,171.46
7031.76,55.80166508,37.40792104,171.46
7032.76,55.80167344,37.40792687,171.46
7033.76,55.80168180,37.40793270,171.45
7034.76,55.80169016,37.40793852,171.45
7035.76,55.80169853,37.40794434,171.45
7036.77,55.80170689,37.40795015,171.44
7037.77,55.80171526,37.40795595,171.44
7038.77,55.80172363,37.40796173,171.44
7039.77,55.80173200,37.40796749,171.43
7040.77,55.80174038,37.40797324,171.43
7041.78,55.80174876,37.40797897,171.42
7042.78,55.80175714,37.40798470,171.42
7043.78,55.80176553,37.40799042,171.42
7044.79,55.80177391,37.40799616,171.41
7045.79,55.80178228,37.40800191,171.41
7046.80,55.80179066,37.40800768,171.40
7047.80,55.80179903,37.40801346,171.39
7048.80,55.80180740,37.40801925,171.39
7049.81,55.80181576,37.40802504,171.38
7050.81,55.80182413,37.40803083,171.38
7051.81,55.80183250,37.40803661,171.37
7052.82,55.80184087,37.40804238,171.37
7053.82,55.80184925,37.40804816,171.36
7054.82,55.80185762,37.40805392,171.35
7055.83,55.80186599,37.40805970,171.34
7056.83,55.80187436,37.40806547,171.34
7057.83,55.80188273,37.40807125,171.33
7058.84,55.80189110,37.40807703,171.32
7059.84,55.80189948,37.40808281,171.32
7060.84,55.80190785,37.40808859,171.31
7061.84,55.80191622,37.40809436,171.30
7062.84,55.80192459,37.40810013,171.29
7063.84,55.80193297,37.40810589,171.28
7064.84,55.80194134,37.40811165,171.28
7065.84,55.80194972,37.40811741,171.27
7066.85,55.80195809,37.40812317,171.26
7067.85,55.80196647,37.40812893,171.25
7068.85,55.80197484,37.40813468,171.24
7069.85,55.80198322,37.40814044,171.24
7070.85,55.80199160,37.40814619,171.23
7071.85,55.80199997,37.40815194,171.22
7072.85,55.80200835,37.40815769,171.21
7073.85,55.80201673,37.40816343,171.21
7074.85,55.80202511,37.40816918,171.20
7075.86,55.80203348,37.40817494,171.19
7076.86,55.80204185,37.40818071,171.18
7077.86,55.80205023,37.40818648,171.18
7078.86,55.80205859,37.40819227,171.17
7079.85,55.80206696,37.40819806,171.16
7080.85,55.80207533,37.40820386,171.15
7081.84,55.80208370,37.40820965,171.14
7082.84,55.80209206,37.40821545,171.13
7083.84,55.80210043,37.40822124,171.12
7084.83,55.80210880,37.40822704,171.11
7085.83,55.80211717,37.40823284,171.10
7086.82,55.80212553,37.40823865,171.09
7087.82,55.80213389,37.40824447,171.08
7088.81,55.80214225,37.40825029,171.07
7089.81,55.80215061,37.40825613,171.06
7090.80,55.80215897,37.40826197,171.04
7091.80,55.80216733,37.40826780,171.03
7092.80,55.80217569,37.40827363,171.02
7093.79,55.80218405,37.40827945,171.00
7094.79,55.80219241,37.40828526,170.99
7095.78,55.80220078,37.40829106,170.97
7096.78,55.80220915,37.40829683,170.96
7097.77,55.80221753,37.40830259,170.94
7098.77,55.80222590,37.40830834,170.93
7099.76,55.80223428,37.40831407,170.91
7100.76,55.80224267,37.40831980,170.89
7101.75,55.80225105,37.40832552,170.88
7102.75,55.80225943,37.40833125,170.86
7103.74,55.80226781,37.40833700,170.84
7104.74,55.80227618,37.40834276,170.82
7105.73,55.80228455,37.40834854,170.81
7106.73,55.80229292,37.40835434,170.79
7107.72,55.80230128,37.40836015,170.77
7108.72,55.80230964,37.40836598,170.76
7109.71,55.80231800,37.40837181,170.74
7110.71,55.80232636,37.40837764,170.72
7111.71,55.80233472,37.40838347,170.70
7112.70,55.80234308,37.40838929,170.68
7113.70,55.80235145,37.40839510,170.66
7114.69,55.80235982,37.40840088,170.64
7115.69,55.80236819,37.40840666,170.63
7116.68,55.80237656,37.40841242,170.61
7117.68,55.80238494,37.40841816,170.58
7118.67,55.80239332,37.40842390,170.56
7119.67,55.80240171,37.40842963,170.54
7120.66,55.80241009,37.40843535,170.52
7121.66,55.80241847,37.40844107,170.50
7122.65,55.80242685,37.40844680,170.48
7123.65,55.80243523,37.40845253,170.46
7124.64,55.80244362,37.40845827,170.44
7125.64,55.80245199,37.40846401,170.41
7126.64,55.80246037,37.40846976,170.39
7127.63,55.80246874,37.40847553,170.37
7128.63,55.80247712,37.40848130,170.35
7129.62,55.80248549,37.40848708,170.32
7130.62,55.80249386,37.40849286,170.30
7131.61,55.80250223,37.40849865,170.28
7132.61,55.80251059,37.40850445,170.26
7133.60,55.80251896,37.40851024,170.23
7134.60,55.80252733,37.40851603,170.21
7135.59,55.80253570,37.40852181,170.19
7136.59,55.80254407,37.40852757,170.17
7137.59,55.80255245,37.40853332,170.15
7138.58,55.80256083,37.40853906,170.12
7139.58,55.80256922,37.40854477,170.10
7140.58,55.80257760,37.40855047,170.08
7141.58,55.80258599,37.40855617,170.06
7142.58,55.80259438,37.40856186,170.03
7143.57,55.80260277,37.40856755,170.01
7144.57,55.80261116,37.40857326,169.99
7145.57,55.80261954,37.40857898,169.97
7146.57,55.80262792,37.40858471,169.95
7147.57,55.80263630,37.40859046,169.92
7148.57,55.80264468,37.40859621,169.90
7149.56,55.80265305,37.40860198,169.88
7150.56,55.80266142,37.40860775,169.86
7151.56,55.80266979,37.40861353,169.83
7152.56,55.80267816,37.40861932,169.81
7153.56,55.80268653,37.40862511,169.79
7154.56,55.80269490,37.40863090,169.76
7155.56,55.80270327,37.40863670,169.74
7156.55,55.80271163,37.40864249,169.71
7157.55,55.80272001,37.40864827,169.69
7158.55,55.80272838,37.40865404,169.66
7159.55,55.80273676,37.40865979,169.64
7160.55,55.80274514,37.40866552,169.61
7161.55,55.80275352,37.40867123,169.59
7162.56,55.80276191,37.40867694,169.56
7163.56,55.80277030,37.40868265,169.54
7164.56,55.80277868,37.40868836,169.51
7165.56,55.80278706,37.40869409,169.49
7166.56,55.80279544,37.40869983,169.46
7167.56,55.80280382,37.40870559,169.43
7168.56,55.80281219,37.40871136,169.41
7169.56,55.80282056,37.40871715,169.38
7170.56,55.80282893,37.40872294,169.36
7171.57,55.80283729,37.40872873,169.33
7172.57,55.80284567,37.40873450,169.30
7173.57,55.80285404,37.40874026,169.28
7174.57,55.80286242,37.40874601,169.25
7175.57,55.80287080,37.40875172,169.23
7176.57,55.80287919,37.40875743,169.21
7177.57,55.80288758,37.40876312,169.18
7178.57,55.80289597,37.40876881,169.16
7179.58,55.80290436,37.40877449,169.13
7180.58,55.80291275,37.40878019,169.11
7181.58,55.80292114,37.40878589,169.08
7182.58,55.80292952,37.40879162,169.06
7183.59,55.80293790,37.40879736,169.03
7184.59,55.80294628,37.40880311,169.01
7185.59,55.80295465,37.40880886,168.98
7186.59,55.80296303,37.40881462,168.96
7187.60,55.80297141,37.40882036,168.93
7188.60,55.80297979,37.40882610,168.90
7189.60,55.80298817,37.40883182,168.88
7190.60,55.80299656,37.40883753,168.85
7191.61,55.80300495,37.40884322,168.82
7192.61,55.80301334,37.40884889,168.80
7193.61,55.80302174,37.40885455,168.77
7194.61,55.80303014,37.40886020,168.74
7195.62,55.80303854,37.40886584,168.71
7196.62,55.80304694,37.40887147,168.68
7197.62,55.80305534,37.40887712,168.65
7198.62,55.80306374,37.40888278,168.62
7199.62,55.80307213,37.40888845,168.58
7200.63,55.80308052,37.40889415,168.55
7201.63,55.80308890,37.40889986,168.52
7202.63,55.80309729,37.40890560,168.49
7203.63,55.80310566,37.40891134,168.46
7204.63,55.80311404,37.40891709,168.43
7205.63,55.80312242,37.40892283,168.39
7206.63,55.80313080,37.40892856,168.36
7207.64,55.80313919,37.40893427,168.33
7208.64,55.80314758,37.40893997,168.30
7209.64,55.80315597,37.40894565,168.26
7210.64,55.80316436,37.40895132,168.23
7211.64,55.80317276,37.40895699,168.20
7212.64,55.80318115,37.40896266,168.16
7213.64,55.80318955,37.40896833,168.13
7214.64,55.80319794,37.40897402,168.10
7215.65,55.80320632,37.40897972,168.07
7216.65,55.80321471,37.40898542,168.03
7217.65,55.80322310,37.40899114,168.00
7218.65,55.80323148,37.40899684,167.97
7219.65,55.80323987,37.40900255,167.94
7220.65,55.80324826,37.40900825,167.91
7221.65,55.80325665,37.40901394,167.87
7222.66,55.80326504,37.40901964,167.84
7223.66,55.80327342,37.40902535,167.81
7224.66,55.80328181,37.40903106,167.78
7225.66,55.80329019,37.40903678,167.74
7226.66,55.80329857,37.40904252,167.71
7227.66,55.80330695,37.40904828,167.68
7228.66,55.80331532,37.40905405,167.65
7229.66,55.80332369,37.40905982,167.61
7230.67,55.80333206,37.40906559,167.58
7231.67,55.80334044,37.40907136,167.55
7232.67,55.80334881,37.40907712,167.51
7233.67,55.80335719,37.40908286,167.48
7234.67,55.80336557,37.40908858,167.44
7235.67,55.80337396,37.40909429,167.41
7236.67,55.80338235,37.40909998,167.37
7237.68,55.80339074,37.40910566,167.34
7238.68,55.80339914,37.40911134,167.30
7239.68,55.80340753,37.40911702,167.27
7240.68,55.80341592,37.40912270,167.23
7241.68,55.80342431,37.40912840,167.19
7242.68,55.80343270,37.40913410,167.16
7243.68,55.80344108,37.40913982,167.12
7244.68,55.80344946,37.40914555,167.08
7245.68,55.80345784,37.40915128,167.05
7246.68,55.80346623,37.40915700,167.01
7247.68,55.80347461,37.40916272,166.97
7248.68,55.80348300,37.40916841,166.93
7249.68,55.80349139,37.40917409,166.90
7250.68,55.80349979,37.40917975,166.86
7251.68,55.80350819,37.40918540,166.82
7252.68,55.80351659,37.40919104,166.78
7253.68,55.80352499,37.40919670,166.74
7254.68,55.80353338,37.40920237,166.71
7255.68,55.80354177,37.40920807,166.67
7256.68,55.80355015,37.40921379,166.63
7257.68,55.80355853,37.40921954,166.59
7258.68,55.80356691,37.40922530,166.56
7259.68,55.80357528,37.40923106,166.52
7260.68,55.80358366,37.40923681,166.48
7261.68,55.80359203,37.40924256,166.44
7262.68,55.80360042,37.40924827,166.40
7263.68,55.80360881,37.40925397,166.36
7264.68,55.80361720,37.40925965,166.33
7265.68,55.80362560,37.40926532,166.29
7266.68,55.80363399,37.40927098,166.25
7267.68,55.80364239,37.40927664,166.21
7268.68,55.80365079,37.40928230,166.17
7269.68,55.80365918,37.40928797,166.13
7270.68,55.80366757,37.40929364,166.09
7271.68,55.80367597,37.40929932,166.05
7272.68,55.80368436,37.40930501,166.01
7273.68,55.80369275,37.40931070,165.97
7274.68,55.80370114,37.40931639,165.93
7275.68,55.80370952,37.40932209,165.90
7276.68,55.80371791,37.40932779,165.86
7277.68,55.80372630,37.40933349,165.82
7278.68,55.80373469,37.40933920,165.78
7279.68,55.80374307,37.40934491,165.73
7280.68,55.80375146,37.40935062,165.69
7281.68,55.80375985,37.40935633,165.65
7282.68,55.80376823,37.40936202,165.61
7283.68,55.80377663,37.40936770,165.57
7284.68,55.80378502,37.40937336,165.53
7285.68,55.80379342,37.40937900,165.49
7286.68,55.80380183,37.40938463,165.45
7287.69,55.80381023,37.40939024,165.41
7288.69,55.80381864,37.40939586,165.36
7289.69,55.80382704,37.40940148,165.32
7290.69,55.80383545,37.40940712,165.28
7291.69,55.80384385,37.40941276,165.24
7292.69,55.80385224,37.40941842,165.20
7293.69,55.80386064,37.40942409,165.16
7294.69,55.80386903,37.40942975,165.12
7295.69,55.80387743,37.40943542,165.08
7296.69,55.80388582,37.40944109,165.04
7297.69,55.80389422,37.40944676,164.99
7298.69,55.80390261,37.40945242,164.95
7299.69,55.80391101,37.40945808,164.91
7300.69,55.80391941,37.40946374,164.87
7301.69,55.80392781,37.40946940,164.83
7302.69,55.80393620,37.40947505,164.79
7303.69,55.80394460,37.40948070,164.75
7304.69,55.80395300,37.40948635,164.71
7305.69,55.80396140,37.40949201,164.67
7306.69,55.80396980,37.40949766,164.63
7307.69,55.80397819,37.40950332,164.59
7308.69,55.80398659,37.40950899,164.55
7309.69,55.80399498,37.40951466,164.51
7310.69,55.80400338,37.40952033,164.47
7311.69,55.80401177,37.40952600,164.43
7312.69,55.80402017,37.40953165,164.39
7313.69,55.80402857,37.40953730,164.35
7314.69,55.80403697,37.40954293,164.31
7315.69,55.80404538,37.40954855,164.27
7316.69,55.80405378,37.40955417,164.23
7317.69,55.80406219,37.40955979,164.19
7318.69,55.80407059,37.40956542,164.15
7319.70,55.80407899,37.40957106,164.11
7320.70,55.80408739,37.40957672,164.08
7321.70,55.80409578,37.40958239,164.04
7322.70,55.80410418,37.40958807,164.00
7323.70,55.80411257,37.40959375,163.96
7324.70,55.80412096,37.40959943,163.92
7325.70,55.80412935,37.40960512,163.89
7326.70,55.80413774,37.40961080,163.85
7327.70,55.80414613,37.40961649,163.81
7328.70,55.80415452,37.40962217,163.77
7329.70,55.80416291,37.40962786,163.73
7330.70,55.80417131,37.40963355,163.69
7331.70,55.80417970,37.40963923,163.65
7332.70,55.80418809,37.40964492,163.62
7333.70,55.80419648,37.40965060,163.58
7334.70,55.80420487,37.40965627,163.54
7335.70,55.80421327,37.40966193,163.50
7336.70,55.80422167,37.40966758,163.46
7337.70,55.80423007,37.40967324,163.43
7338.70,55.80423846,37.40967890,163.39
7339.70,55.80424686,37.40968456,163.35
7340.70,55.80425525,37.40969023,163.31
7341.70,55.80426365,37.40969591,163.27
7342.71,55.80427204,37.40970159,163.24
7343.71,55.80428043,37.40970727,163.20
7344.71,55.80428882,37.40971294,163.16
7345.71,55.80429722,37.40971861,163.12
7346.71,55.80430562,37.40972428,163.08
7347.71,55.80431401,37.40972993,163.05
7348.71,55.80432241,37.40973558,163.01
7349.71,55.80433081,37.40974123,162.97
7350.71,55.80433921,37.40974688,162.93
7351.71,55.80434761,37.40975253,162.90
7352.71,55.80435601,37.40975818,162.86
7353.71,55.80436440,37.40976384,162.82
7354.71,55.80437280,37.40976950,162.78
7355.71,55.80438120,37.40977517,162.75
7356.71,55.80438959,37.40978083,162.71
7357.71,55.80439799,37.40978650,162.68
7358.71,55.80440638,37.40979216,162.64
7359.71,55.80441478,37.40979783,162.60
7360.72,55.80442317,37.40980350,162.57
7361.72,55.80443157,37.40980916,162.53
7362.72,55.80443996,37.40981483,162.50
7363.72,55.80444836,37.40982049,162.46
7364.72,55.80445676,37.40982615,162.42
7365.73,55.80446516,37.40983180,162.39
7366.73,55.80447356,37.40983744,162.35
7367.73,55.80448196,37.40984306,162.32
7368.73,55.80449036,37.40984869,162.28
7369.73,55.80449877,37.40985431,162.25
7370.74,55.80450717,37.40985995,162.21
7371.74,55.80451557,37.40986559,162.18
7372.74,55.80452397,37.40987126,162.14
7373.74,55.80453236,37.40987694,162.11
7374.74,55.80454075,37.40988264,162.07
7375.75,55.80454913,37.40988835,162.04
7376.75,55.80455752,37.40989405,162.00
7377.75,55.80456591,37.40989976,161.97
7378.75,55.80457429,37.40990546,161.93
7379.75,55.80458269,37.40991114,161.90
7380.75,55.80459108,37.40991682,161.86
7381.76,55.80459948,37.40992248,161.83
7382.76,55.80460787,37.40992813,161.79
7383.76,55.80461627,37.40993378,161.76
7384.76,55.80462467,37.40993942,161.73
7385.76,55.80463307,37.40994506,161.69
7386.77,55.80464147,37.40995071,161.66
7387.77,55.80464987,37.40995637,161.62
7388.77,55.80465827,37.40996203,161.59
7389.77,55.80466666,37.40996771,161.55
7390.77,55.80467505,37.40997339,161.52
7391.78,55.80468344,37.40997908,161.48
7392.78,55.80469183,37.40998477,161.45
7393.78,55.80470023,37.40999045,161.41
7394.78,55.80470862,37.40999611,161.38
7395.78,55.80471702,37.41000176,161.34
7396.79,55.80472542,37.41000740,161.31
7397.79,55.80473383,37.41001302,161.28
7398.79,55.80474223,37.41001865,161.25
7399.79,55.80475064,37.41002427,161.21
7400.79,55.80475904,37.41002990,161.18
7401.80,55.80476744,37.41003554,161.15
7402.80,55.80477584,37.41004120,161.11
7403.80,55.80478423,37.41004687,161.08
7404.80,55.80479262,37.41005254,161.05
7405.80,55.80480102,37.41005823,161.01
7406.80,55.80480941,37.41006391,160.98
7407.81,55.80481780,37.41006959,160.95
7408.81,55.80482619,37.41007526,160.91
7409.81,55.80483459,37.41008093,160.88
7410.81,55.80484298,37.41008660,160.85
7411.81,55.80485138,37.41009226,160.81
7412.82,55.80485978,37.41009792,160.78
7413.82,55.80486818,37.41010356,160.74
7414.82,55.80487658,37.41010919,160.71
7415.82,55.80488499,37.41011480,160.67
7416.82,55.80489340,37.41012040,160.64
7417.83,55.80490181,37.41012599,160.60
7418.83,55.80491022,37.41013159,160.57
7419.83,55.80491863,37.41013719,160.53
7420.83,55.80492703,37.41014282,160.49
7421.83,55.80493543,37.41014846,160.46
7422.83,55.80494383,37.41015411,160.42
7423.84,55.80495223,37.41015976,160.38
7424.84,55.80496063,37.41016541,160.35
7425.84,55.80496903,37.41017105,160.31
7426.84,55.80497743,37.41017669,160.27
7427.84,55.80498583,37.41018234,160.24
7428.84,55.80499422,37.41018802,160.20
7429.85,55.80500261,37.41019373,160.17
7430.85,55.80501098,37.41019948,160.13
7431.85,55.80501935,37.41020527,160.10
7432.85,55.80502771,37.41021109,160.07
7433.85,55.80503607,37.41021694,160.03
7434.85,55.80504442,37.41022280,160.00
7435.86,55.80505277,37.41022867,159.96
7436.86,55.80506112,37.41023455,159.93
7437.86,55.80506947,37.41024044,159.90
7438.86,55.80507781,37.41024633,159.86
7439.86,55.80508616,37.41025222,159.83
7440.87,55.80509451,37.41025810,159.80
7441.87,55.80510286,37.41026396,159.77
7442.87,55.80511122,37.41026981,159.73
7443.87,55.80511957,37.41027566,159.70
7444.88,55.80512793,37.41028149,159.67
7445.88,55.80513630,37.41028731,159.64
7446.88,55.80514466,37.41029310,159.61
7447.89,55.80515304,37.41029887,159.58
7448.89,55.80516142,37.41030461,159.56
7449.89,55.80516980,37.41031031,159.53
7450.89,55.80517820,37.41031597,159.50
7451.90,55.80518661,37.41032158,159.48
7452.90,55.80519503,37.41032714,159.46
7453.90,55.80520345,37.41033269,159.44
7454.91,55.80521187,37.41033822,159.42
7455.91,55.80522029,37.41034377,159.40
7456.91,55.80522870,37.41034938,159.38
7457.92,55.80523708,37.41035510,159.37
7458.92,55.80524543,37.41036097,159.35
7459.92,55.80525374,37.41036704,159.33
7460.92,55.80526198,37.41037335,159.32
7461.92,55.80527017,37.41037993,159.30
7462.92,55.80527827,37.41038679,159.29
7463.93,55.80528630,37.41039395,159.28
7464.93,55.80529424,37.41040139,159.27
7465.93,55.80530210,37.41040912,159.26
7466.93,55.80530987,37.41041712,159.25
7467.93,55.80531755,37.41042539,159.25
7468.93,55.80532513,37.41043394,159.24
7469.94,55.80533260,37.41044280,159.23
7470.94,55.80533995,37.41045196,159.23
7471.94,55.80534716,37.41046145,159.22
7472.94,55.80535423,37.41047129,159.21
7473.94,55.80536114,37.41048148,159.21
7474.94,55.80536788,37.41049201,159.20
7475.95,55.80537445,37.41050289,159.19
7476.95,55.80538085,37.41051408,159.19
7477.95,55.80538710,37.41052554,159.18
7478.95,55.80539322,37.41053721,159.18
7479.95,55.80539924,37.41054904,159.17
7480.96,55.80540519,37.41056099,159.17
7481.96,55.80541110,37.41057300,159.16
7482.96,55.80541699,37.41058503,159.16
7483.96,55.80542289,37.41059706,159.15
7484.97,55.80542878,37.41060910,159.14
7485.97,55.80543467,37.41062114,159.13
7486.97,55.80544053,37.41063322,159.12
7487.98,55.80544636,37.41064535,159.11
7488.98,55.80545214,37.41065755,159.10
7489.98,55.80545786,37.41066986,159.08
7490.99,55.80546347,37.41068230,159.07
7491.99,55.80546897,37.41069492,159.05
7492.99,55.80547432,37.41070772,159.03
7493.99,55.80547950,37.41072074,159.01
7495.00,55.80548448,37.41073402,159.00
7496.00,55.80548922,37.41074756,158.98
7497.00,55.80549372,37.41076136,158.96
7498.01,55.80549796,37.41077542,158.94
7499.01,55.80550195,37.41078971,158.92
7500.01,55.80550569,37.41080421,158.90
7501.01,55.80550920,37.41081889,158.88
7502.02,55.80551250,37.41083372,158.86
7503.02,55.80551558,37.41084869,158.83
7504.02,55.80551846,37.41086380,158.81
7505.02,55.80552113,37.41087902,158.79
7506.03,55.80552359,37.41089436,158.77
7507.03,55.80552582,37.41090981,158.75
7508.03,55.80552782,37.41092535,158.73
7509.04,55.80552961,37.41094098,158.71
7510.04,55.80553119,37.41095668,158.69
7511.04,55.80553257,37.41097244,158.67
7512.04,55.80553378,37.41098824,158.65
7513.05,55.80553481,37.41100408,158.62
7514.05,55.80553568,37.41101995,158.60
7515.05,55.80553639,37.41103585,158.58
7516.05,55.80553692,37.41105177,158.56
7517.06,55.80553726,37.41106770,158.54
7518.06,55.80553743,37.41108365,158.52
7519.06,55.80553741,37.41109959,158.50
7520.06,55.80553722,37.41111553,158.47
7521.07,55.80553684,37.41113147,158.45
7522.07,55.80553628,37.41114738,158.43
7523.07,55.80553554,37.41116328,158.40
7524.08,55.80553462,37.41117914,158.38
7525.08,55.80553351,37.41119496,158.36
7526.08,55.80553219,37.41121074,158.33
7527.08,55.80553068,37.41122645,158.31
7528.09,55.80552898,37.41124211,158.29
7529.09,55.80552712,37.41125771,158.26
7530.09,55.80552512,37.41127326,158.24
7531.09,55.80552302,37.41128877,158.22
7532.10,55.80552086,37.41130424,158.20
7533.10,55.80551867,37.41131971,158.18
7534.10,55.80551647,37.41133517,158.16
7535.11,55.80551428,37.41135064,158.14
7536.11,55.80551209,37.41136610,158.12
7537.11,55.80550992,37.41138158,158.10
7538.11,55.80550775,37.41139705,158.08
7539.12,55.80550559,37.41141253,158.06
7540.11,55.80550343,37.41142801,158.05
7541.11,55.80550129,37.41144350,158.03
7542.11,55.80549916,37.41145899,158.01
7543.11,55.80549704,37.41147449,158.00
7544.11,55.80549493,37.41148999,157.98
7545.10,55.80549284,37.41150550,157.97
7546.10,55.80549074,37.41152100,157.96
7547.10,55.80548864,37.41153651,157.95
7548.10,55.80548652,37.41155201,157.93
7549.10,55.80548440,37.41156750,157.92
7550.09,55.80548226,37.41158299,157.91
7551.09,55.80548010,37.41159847,157.90
7552.09,55.80547794,37.41161395,157.89
7553.09,55.80547576,37.41162942,157.88
7554.09,55.80547359,37.41164489,157.87
7555.08,55.80547141,37.41166036,157.86
7556.08,55.80546924,37.41167584,157.85
7557.08,55.80546708,37.41169131,157.84
7558.08,55.80546493,37.41170680,157.83
7559.08,55.80546281,37.41172230,157.82
7560.07,55.80546071,37.41173780,157.81
7561.07,55.80545862,37.41175331,157.81
7562.07,55.80545654,37.41176882,157.80
7563.07,55.80545446,37.41178434,157.79
7564.07,55.80545237,37.41179985,157.78
7565.06,55.80545028,37.41181535,157.77
7566.06,55.80544816,37.41183085,157.77
7567.06,55.80544603,37.41184634,157.76
7568.06,55.80544389,37.41186183,157.75
7569.06,55.80544173,37.41187731,157.74
7570.05,55.80543957,37.41189279,157.73
7571.05,55.80543740,37.41190827,157.72
7572.05,55.80543523,37.41192374,157.71
7573.05,55.80543306,37.41193921,157.70
7574.05,55.80543090,37.41195469,157.69
7575.04,55.80542873,37.41197017,157.68
7576.04,55.80542657,37.41198565,157.67
7577.04,55.80542442,37.41200113,157.66
7578.04,55.80542226,37.41201661,157.65
7579.04,55.80542011,37.41203209,157.63
7580.04,55.80541797,37.41204758,157.62
7581.04,55.80541582,37.41206306,157.61
7582.04,55.80541367,37.41207855,157.60
7583.04,55.80541153,37.41209403,157.59
7584.04,55.80540939,37.41210952,157.57
7585.04,55.80540726,37.41212502,157.56
7586.04,55.80540514,37.41214051,157.55
7587.04,55.80540302,37.41215601,157.54
7588.04,55.80540091,37.41217151,157.53
7589.04,55.80539879,37.41218700,157.51
7590.05,55.80539667,37.41220250,157.50
7591.05,55.80539455,37.41221800,157.49
7592.05,55.80539242,37.41223349,157.48
7593.05,55.80539029,37.41224898,157.47
7594.05,55.80538815,37.41226447,157.46
7595.05,55.80538601,37.41227996,157.45
7596.05,55.80538387,37.41229544,157.43
7597.05,55.80538173,37.41231093,157.42
7598.05,55.80537958,37.41232642,157.41
7599.05,55.80537743,37.41234190,157.39
7600.05,55.80537526,37.41235737,157.38
7601.06,55.80537309,37.41237285,157.37
7602.06,55.80537092,37.41238832,157.36
7603.06,55.80536875,37.41240380,157.34
7604.06,55.80536659,37.41241928,157.33
7605.06,55.80536443,37.41243476,157.32
7606.06,55.80536228,37.41245024,157.31
7607.07,55.80536012,37.41246572,157.29
7608.07,55.80535797,37.41248120,157.28
7609.07,55.80535582,37.41249668,157.26
7610.07,55.80535366,37.41251217,157.25
7611.07,55.80535150,37.41252764,157.23
7612.07,55.80534934,37.41254312,157.22
7613.08,55.80534718,37.41255860,157.21
7614.08,55.80534502,37.41257408,157.19
7615.08,55.80534286,37.41258956,157.18
7616.08,55.80534070,37.41260504,157.16
7617.08,55.80533855,37.41262052,157.15
7618.08,55.80533640,37.41263600,157.14
7619.09,55.80533425,37.41265149,157.12
7620.09,55.80533211,37.41266697,157.11
7621.09,55.80532997,37.41268246,157.09
7622.09,55.80532783,37.41269795,157.08
7623.09,55.80532569,37.41271344,157.07
7624.09,55.80532355,37.41272892,157.05
7625.09,55.80532140,37.41274441,157.04
7626.09,55.80531925,37.41275989,157.02
7627.09,55.80531710,37.41277538,157.01
7628.09,55.80531495,37.41279086,157.00
7629.09,55.80531280,37.41280634,156.99
7630.09,55.80531066,37.41282183,156.97
7631.10,55.80530853,37.41283732,156.96
7632.10,55.80530639,37.41285281,156.95
7633.10,55.80530426,37.41286830,156.93
7634.10,55.80530213,37.41288380,156.92
7635.10,55.80530000,37.41289929,156.91
7636.10,55.80529787,37.41291478,156.90
7637.10,55.80529573,37.41293026,156.89
7638.10,55.80529358,37.41294575,156.87
7639.10,55.80529144,37.41296124,156.86
7640.10,55.80528928,37.41297672,156.85
7641.09,55.80528713,37.41299220,156.84
7642.08,55.80528497,37.41300768,156.83
7643.07,55.80528281,37.41302316,156.82
7644.07,55.80528065,37.41303864,156.81
7645.06,55.80527850,37.41305412,156.80
7646.05,55.80527635,37.41306960,156.79
7647.05,55.80527421,37.41308509,156.78
7648.04,55.80527208,37.41310058,156.77
7649.03,55.80526995,37.41311608,156.76
7650.03,55.80526782,37.41313157,156.75
7651.02,55.80526568,37.41314706,156.74
7652.01,55.80526353,37.41316254,156.73
7653.01,55.80526137,37.41317802,156.72
7654.00,55.80525919,37.41319349,156.71
7654.99,55.80525700,37.41320895,156.70
7655.99,55.80525482,37.41322442,156.69
7656.98,55.80525264,37.41323989,156.68
7657.97,55.80525048,37.41325537,156.66
7658.97,55.80524834,37.41327086,156.65
7659.96,55.80524622,37.41328635,156.64
7660.95,55.80524410,37.41330185,156.62
7661.95,55.80524200,37.41331736,156.61
7662.94,55.80523989,37.41333286,156.60
7663.93,55.80523779,37.41334836,156.58
7664.93,55.80523567,37.41336386,156.57
7665.92,55.80523355,37.41337935,156.56
7666.91,55.80523141,37.41339485,156.55
7667.91,55.80522927,37.41341033,156.53
7668.90,55.80522712,37.41342581,156.52
7669.89,55.80522496,37.41344129,156.51
7670.89,55.80522279,37.41345677,156.49
7671.88,55.80522061,37.41347224,156.48
7672.87,55.80521844,37.41348771,156.47
7673.87,55.80521625,37.41350318,156.45
7674.86,55.80521408,37.41351865,156.44
7675.85,55.80521190,37.41353412,156.43
7676.85,55.80520972,37.41354959,156.41
7677.84,55.80520755,37.41356507,156.40
7678.83,55.80520539,37.41358055,156.39
7679.83,55.80520323,37.41359603,156.38
7680.82,55.80520108,37.41361151,156.37
7681.81,55.80519893,37.41362699,156.36
7682.81,55.80519679,37.41364248,156.35
7683.80,55.80519466,37.41365797,156.34
7684.80,55.80519253,37.41367347,156.33
7685.79,55.80519041,37.41368896,156.32
7686.78,55.80518830,37.41370446,156.31
7687.78,55.80518619,37.41371996,156.30
7688.77,55.80518409,37.41373547,156.29
7689.77,55.80518199,37.41375097,156.28
7690.76,55.80517989,37.41376648,156.28
7691.75,55.80517780,37.41378199,156.27
7692.75,55.80517570,37.41379749,156.26
7693.74,55.80517360,37.41381300,156.25
7694.74,55.80517149,37.41382849,156.24
7695.73,55.80516936,37.41384399,156.23
7696.72,55.80516723,37.41385948,156.22
7697.72,55.80516508,37.41387496,156.21
7698.71,55.80516292,37.41389044,156.20
7699.71,55.80516075,37.41390591,156.19
7700.70,55.80515857,37.41392139,156.18
7701.69,55.80515639,37.41393686,156.17
7702.69,55.80515422,37.41395233,156.16
7703.68,55.80515205,37.41396781,156.14
7704.68,55.80514990,37.41398329,156.13
7705.67,55.80514776,37.41399878,156.12
7706.66,55.80514564,37.41401427,156.11
7707.66,55.80514353,37.41402977,156.10
7708.65,55.80514143,37.41404528,156.09
7709.65,55.80513933,37.41406079,156.08
7710.64,55.80513724,37.41407629,156.07
7711.63,55.80513513,37.41409179,156.05
7712.63,55.80513301,37.41410729,156.04
7713.62,55.80513087,37.41412278,156.03
7714.62,55.80512872,37.41413826,156.02
7715.61,55.80512656,37.41415374,156.01
7716.61,55.80512440,37.41416922,156.00
7717.60,55.80512224,37.41418470,155.99
7718.59,55.80512009,37.41420018,155.98
7719.58,55.80511795,37.41421567,155.97
7720.57,55.80511581,37.41423116,155.96
7721.56,55.80511368,37.41424665,155.95
7722.55,55.80511154,37.41426214,155.94
7723.54,55.80510941,37.41427763,155.93
7724.52,55.80510727,37.41429311,155.92
7725.51,55.80510513,37.41430860,155.91
7726.50,55.80510299,37.41432409,155.90
7727.49,55.80510085,37.41433958,155.89
7728.48,55.80509871,37.41435507,155.88
7729.47,55.80509657,37.41437056,155.86
7730.45,55.80509444,37.41438604,155.85
7731.44,55.80509230,37.41440153,155.84
7732.43,55.80509015,37.41441702,155.83
7733.42,55.80508800,37.41443250,155.82
7734.41,55.80508584,37.41444798,155.81
7735.40,55.80508368,37.41446346,155.79
7736.38,55.80508152,37.41447894,155.78
7737.37,55.80507936,37.41449442,155.77
7738.36,55.80507721,37.41450990,155.76
7739.35,55.80507506,37.41452538,155.75
7740.34,55.80507292,37.41454087,155.74
7741.33,55.80507078,37.41455636,155.73
7742.31,55.80506864,37.41457184,155.71
7743.30,55.80506649,37.41458733,155.70
7744.29,55.80506434,37.41460281,155.69
7745.28,55.80506218,37.41461829,155.68
7746.27,55.80506001,37.41463377,155.67
7747.26,55.80505784,37.41464924,155.66
7748.25,55.80505567,37.41466471,155.65
7749.23,55.80505350,37.41468019,155.63
7750.22,55.80505135,37.41469567,155.62
7751.21,55.80504920,37.41471115,155.61
7752.20,55.80504706,37.41472664,155.60
7753.19,55.80504492,37.41474213,155.59
7754.18,55.80504278,37.41475762,155.58
7755.16,55.80504064,37.41477311,155.57
7756.15,55.80503851,37.41478860,155.56
7757.14,55.80503638,37.41480409,155.55
7758.13,55.80503427,37.41481959,155.54
7759.12,55.80503217,37.41483510,155.53
7760.11,55.80503009,37.41485061,155.52
7761.09,55.80502803,37.41486613,155.51
7762.08,55.80502597,37.41488165,155.50
7763.07,55.80502391,37.41489717,155.48
7764.06,55.80502183,37.41491269,155.47
7765.05,55.80501973,37.41492819,155.46
7766.04,55.80501761,37.41494369,155.45
7767.02,55.80501547,37.41495917,155.44
7768.01,55.80501331,37.41497465,155.43
7769.00,55.80501113,37.41499013,155.42
7769.99,55.80500896,37.41500560,155.41
7770.98,55.80500678,37.41502107,155.40
7771.97,55.80500460,37.41503654,155.39
7772.96,55.80500243,37.41505201,155.37
7773.94,55.80500027,37.41506749,155.36
7774.93,55.80499810,37.41508297,155.35
7775.92,55.80499595,37.41509845,155.33
7776.91,55.80499380,37.41511393,155.32
7777.90,55.80499166,37.41512942,155.31
7778.90,55.80498953,37.41514491,155.30
7779.89,55.80498741,37.41516041,155.28
7780.89,55.80498529,37.41517590,155.27
7781.89,55.80498316,37.41519140,155.26
7782.89,55.80498104,37.41520689,155.24
7783.89,55.80497890,37.41522238,155.23
7784.88,55.80497675,37.41523787,155.22
7785.88,55.80497460,37.41525335,155.20
7786.88,55.80497243,37.41526882,155.19
7787.88,55.80497026,37.41528430,155.18
7788.88,55.80496809,37.41529977,155.16
7789.88,55.80496593,37.41531525,155.15
7790.87,55.80496377,37.41533073,155.13
7791.87,55.80496162,37.41534621,155.12
7792.87,55.80495947,37.41536170,155.10
7793.87,55.80495734,37.41537719,155.08
7794.87,55.80495522,37.41539268,155.07
7795.87,55.80495310,37.41540818,155.05
7796.86,55.80495097,37.41542367,155.04
7797.86,55.80494885,37.41543917,155.02
7798.86,55.80494671,37.41545466,155.01
7799.85,55.80494457,37.41547014,154.99
7800.85,55.80494241,37.41548562,154.98
7801.85,55.80494025,37.41550110,154.96
7802.84,55.80493809,37.41551658,154.94
7803.84,55.80493592,37.41553205,154.93
7804.83,55.80493375,37.41554753,154.91
7805.83,55.80493157,37.41556300,154.89
7806.82,55.80492941,37.41557847,154.87
7807.82,55.80492724,37.41559395,154.85
7808.82,55.80492509,37.41560943,154.83
7809.81,55.80492293,37.41562491,154.81
7810.81,55.80492079,37.41564040,154.79
7811.80,55.80491864,37.41565589,154.77
7812.80,55.80491650,37.41567137,154.75
7813.79,55.80491435,37.41568685,154.73
7814.79,55.80491218,37.41570233,154.72
7815.79,55.80491000,37.41571780,154.70
7816.78,55.80490782,37.41573327,154.68
7817.78,55.80490563,37.41574873,154.66
7818.78,55.80490345,37.41576421,154.64
7819.77,55.80490129,37.41577968,154.63
7820.77,55.80489914,37.41579517,154.61
7821.77,55.80489701,37.41581066,154.59
7822.76,55.80489488,37.41582615,154.57
7823.76,55.80489276,37.41584165,154.55
7824.76,55.80489063,37.41585714,154.54
7825.75,55.80488848,37.41587262,154.52
7826.75,55.80488633,37.41588810,154.51
7827.75,55.80488416,37.41590358,154.49
7828.75,55.80488198,37.41591905,154.48
7829.74,55.80487981,37.41593453,154.47
7830.74,55.80487765,37.41595000,154.46
7831.74,55.80487548,37.41596548,154.44
7832.73,55.80487332,37.41598096,154.43
7833.73,55.80487116,37.41599644,154.42
7834.73,55.80486901,37.41601192,154.40
7835.72,55.80486686,37.41602740,154.39
7836.72,55.80486471,37.41604288,154.37
7837.72,55.80486257,37.41605837,154.36
7838.71,55.80486043,37.41607386,154.34
7839.71,55.80485828,37.41608934,154.33
7840.71,55.80485613,37.41610483,154.32
7841.70,55.80485398,37.41612031,154.30
7842.70,55.80485182,37.41613579,154.29
7843.69,55.80484965,37.41615126,154.28
7844.69,55.80484749,37.41616674,154.27
7845.68,55.80484534,37.41618222,154.25
7846.68,55.80484320,37.41619771,154.24
7847.68,55.80484108,37.41621321,154.23
7848.67,55.80483898,37.41622871,154.21
7849.67,55.80483687,37.41624421,154.20
7850.66,55.80483477,37.41625972,154.18
7851.66,55.80483266,37.41627522,154.17
7852.66,55.80483054,37.41629071,154.16
7853.65,55.80482839,37.41630620,154.15
7854.65,55.80482623,37.41632167,154.14
7855.64,55.80482405,37.41633715,154.13
7856.64,55.80482187,37.41635262,154.12
7857.63,55.80481969,37.41636808,154.10
7858.63,55.80481751,37.41638355,154.09
7859.63,55.80481533,37.41639903,154.08
7860.62,55.80481317,37.41641450,154.07
7861.62,55.80481101,37.41642998,154.06
7862.61,55.80480887,37.41644547,154.05
7863.61,55.80480674,37.41646096,154.04
7864.61,55.80480462,37.41647646,154.03
7865.60,55.80480251,37.41649196,154.02
7866.60,55.80480040,37.41650746,154.01
7867.59,55.80479830,37.41652296,154.01
7868.59,55.80479618,37.41653846,154.00
7869.59,55.80479405,37.41655395,153.99
7870.58,55.80479191,37.41656944,153.98
7871.58,55.80478975,37.41658492,153.97
7872.57,55.80478757,37.41660039,153.96
7873.57,55.80478538,37.41661585,153.95
7874.57,55.80478318,37.41663131,153.94
7875.56,55.80478097,37.41664677,153.93
7876.56,55.80477878,37.41666224,153.92
7877.55,55.80477659,37.41667771,153.92
7878.55,55.80477443,37.41669318,153.91
7879.54,55.80477228,37.41670867,153.90
7880.54,55.80477015,37.41672416,153.89
7881.54,55.80476803,37.41673965,153.88
7882.53,55.80476592,37.41675515,153.87
7883.53,55.80476381,37.41677065,153.86
7884.52,55.80476171,37.41678616,153.85
7885.52,55.80475960,37.41680166,153.84
7886.52,55.80475749,37.41681716,153.83
7887.51,55.80475538,37.41683266,153.82
7888.51,55.80475327,37.41684816,153.81
7889.50,55.80475116,37.41686366,153.80
7890.50,55.80474906,37.41687917,153.80
7891.50,55.80474696,37.41689467,153.79
7892.49,55.80474487,37.41691018,153.78
7893.49,55.80474279,37.41692569,153.77
7894.48,55.80474071,37.41694121,153.76
7895.48,55.80473864,37.41695673,153.75
7896.48,55.80473658,37.41697225,153.74
7897.47,55.80473452,37.41698777,153.73
7898.47,55.80473245,37.41700328,153.72
7899.47,55.80473038,37.41701880,153.71
7900.47,55.80472830,37.41703431,153.71
7901.46,55.80472621,37.41704982,153.70
7902.46,55.80472411,37.41706533,153.69
7903.46,55.80472201,37.41708083,153.68
7904.46,55.80471990,37.41709633,153.67
7905.46,55.80471779,37.41711184,153.66
7906.45,55.80471570,37.41712734,153.65
7907.45,55.80471361,37.41714285,153.64
7908.45,55.80471155,37.41715837,153.63
7909.45,55.80470950,37.41717390,153.62
7910.45,55.80470746,37.41718943,153.61
7911.45,55.80470544,37.41720497,153.60
7912.44,55.80470343,37.41722051,153.60
7913.44,55.80470142,37.41723605,153.59
7914.44,55.80469940,37.41725159,153.58
7915.44,55.80469737,37.41726712,153.57
7916.44,55.80469531,37.41728265,153.56
7917.43,55.80469324,37.41729816,153.55
7918.43,55.80469115,37.41731367,153.54
7919.43,55.80468905,37.41732918,153.53
7920.43,55.80468695,37.41734468,153.52
7921.43,55.80468486,37.41736019,153.51
7922.43,55.80468279,37.41737571,153.49
7923.43,55.80468075,37.41739124,153.48
7924.42,55.80467874,37.41740678,153.47
7925.42,55.80467675,37.41742233,153.46
7926.42,55.80467478,37.41743789,153.45
7927.42,55.80467284,37.41745346,153.44
7928.42,55.80467089,37.41746903,153.43
7929.42,55.80466896,37.41748460,153.41
7930.41,55.80466701,37.41750017,153.40
7931.41,55.80466505,37.41751573,153.39
7932.41,55.80466308,37.41753129,153.38
7933.41,55.80466109,37.41754684,153.36
7934.41,55.80465908,37.41756238,153.35
7935.41,55.80465705,37.41757792,153.34
7936.41,55.80465501,37.41759344,153.32
7937.40,55.80465296,37.41760897,153.31
7938.40,55.80465091,37.41762450,153.30
7939.40,55.80464886,37.41764002,153.29
7940.40,55.80464683,37.41765556,153.27
7941.40,55.80464481,37.41767110,153.26
7942.39,55.80464282,37.41768664,153.25
7943.39,55.80464084,37.41770220,153.24
7944.39,55.80463887,37.41771776,153.22
7945.39,55.80463692,37.41773333,153.21
7946.39,55.80463497,37.41774889,153.19
7947.39,55.80463302,37.41776446,153.18
7948.38,55.80463106,37.41778002,153.17
7949.38,55.80462908,37.41779558,153.15
7950.38,55.80462710,37.41781113,153.14
7951.38,55.80462511,37.41782668,153.13
7952.38,55.80462311,37.41784223,153.11
7953.37,55.80462112,37.41785778,153.10
7954.37,55.80461914,37.41787333,153.09
7955.37,55.80461716,37.41788888,153.07
7956.37,55.80461519,37.41790444,153.06
7957.37,55.80461323,37.41792000,153.04
7958.37,55.80461125,37.41793556,153.03
7959.37,55.80460927,37.41795112,153.01
7960.36,55.80460727,37.41796666,153.00
7961.36,55.80460524,37.41798220,152.99
7962.36,55.80460320,37.41799772,152.97
7963.36,55.80460114,37.41801325,152.96
7964.36,55.80459907,37.41802876,152.94
7965.36,55.80459700,37.41804428,152.93
7966.36,55.80459494,37.41805980,152.92
7967.36,55.80459290,37.41807533,152.90
7968.36,55.80459087,37.41809087,152.89
7969.36,55.80458887,37.41810641,152.87
7970.36,55.80458688,37.41812196,152.86
7971.36,55.80458490,37.41813752,152.85
7972.36,55.80458294,37.41815308,152.83
7973.36,55.80458098,37.41816864,152.82
7974.36,55.80457902,37.41818421,152.81
7975.36,55.80457706,37.41819977,152.79
7976.36,55.80457511,37.41821533,152.78
7977.35,55.80457314,37.41823089,152.77
7978.35,55.80457117,37.41824645,152.76
7979.35,55.80456920,37.41826201,152.74
7980.35,55.80456723,37.41827757,152.73
7981.35,55.80456526,37.41829313,152.72
7982.35,55.80456329,37.41830868,152.70
7983.35,55.80456132,37.41832424,152.69
7984.35,55.80455935,37.41833980,152.68
7985.35,55.80455738,37.41835536,152.66
7986.35,55.80455541,37.41837092,152.65
7987.35,55.80455344,37.41838647,152.64
7988.35,55.80455146,37.41840203,152.62
7989.35,55.80454948,37.41841758,152.61
7990.35,55.80454750,37.41843314,152.60
7991.35,55.80454552,37.41844869,152.59
7992.35,55.80454354,37.41846425,152.57
7993.35,55.80454157,37.41847981,152.56
7994.35,55.80453960,37.41849537,152.55
7995.34,55.80453764,37.41851093,152.53
7996.34,55.80453568,37.41852649,152.52
7997.34,55.80453372,37.41854205,152.50
7998.35,55.80453177,37.41855762,152.49
7999.35,55.80452980,37.41857318,152.48
8000.36,55.80452784,37.41858874,152.46
8001.36,55.80452587,37.41860430,152.45
8002.37,55.80452390,37.41861986,152.44
8003.37,55.80452193,37.41863542,152.42
8004.37,55.80451996,37.41865097,152.41
8005.38,55.80451800,37.41866653,152.40
8006.38,55.80451603,37.41868209,152.38
8007.39,55.80451406,37.41869765,152.37
8008.39,55.80451210,37.41871321,152.35
8009.40,55.80451013,37.41872877,152.34
8010.40,55.80450816,37.41874433,152.33
8011.41,55.80450618,37.41875989,152.32
8012.41,55.80450420,37.41877544,152.30
8013.41,55.80450222,37.41879099,152.29
8014.42,55.80450023,37.41880654,152.28
8015.42,55.80449823,37.41882209,152.26
8016.43,55.80449624,37.41883764,152.25
8017.43,55.80449424,37.41885319,152.24
8018.44,55.80449224,37.41886873,152.23
8019.44,55.80449024,37.41888428,152.21
8020.45,55.80448825,37.41889983,152.20
8021.45,55.80448627,37.41891538,152.19
8022.46,55.80448430,37.41893094,152.17
8023.46,55.80448233,37.41894650,152.16
8024.46,55.80448037,37.41896207,152.15
8025.47,55.80447842,37.41897763,152.14
8026.47,55.80447647,37.41899320,152.12
8027.48,55.80447452,37.41900876,152.11
8028.48,55.80447257,37.41902433,152.10
8029.49,55.80447062,37.41903990,152.09
8030.49,55.80446867,37.41905546,152.07
8031.50,55.80446671,37.41907102,152.06
8032.50,55.80446474,37.41908658,152.05
8033.50,55.80446277,37.41910214,152.03
8034.51,55.80446078,37.41911769,152.02
8035.51,55.80445879,37.41913324,152.01
8036.52,55.80445678,37.41914878,151.99
8037.52,55.80445477,37.41916433,151.98
8038.52,55.80445276,37.41917987,151.96
8039.52,55.80445075,37.41919541,151.95
8040.52,55.80444875,37.41921096,151.94
8041.53,55.80444676,37.41922651,151.92
8042.53,55.80444478,37.41924206,151.91
8043.53,55.80444281,37.41925762,151.89
8044.53,55.80444085,37.41927318,151.88
8045.53,55.80443889,37.41928875,151.86
8046.53,55.80443694,37.41930431,151.84
8047.53,55.80443499,37.41931987,151.83
8048.53,55.80443303,37.41933544,151.81
8049.53,55.80443108,37.41935100,151.80
8050.53,55.80442913,37.41936657,151.78
8051.53,55.80442718,37.41938214,151.76
8052.54,55.80442523,37.41939771,151.75
8053.54,55.80442329,37.41941328,151.73
8054.54,55.80442136,37.41942885,151.72
8055.54,55.80441942,37.41944442,151.70
8056.54,55.80441749,37.41945999,151.69
8057.54,55.80441554,37.41947556,151.67
8058.53,55.80441360,37.41949113,151.66
8059.53,55.80441164,37.41950669,151.64
8060.52,55.80440967,37.41952225,151.63
8061.52,55.80440771,37.41953781,151.61
8062.51,55.80440574,37.41955337,151.60
8063.51,55.80440377,37.41956893,151.58
8064.50,55.80440181,37.41958449,151.57
8065.50,55.80439986,37.41960006,151.56
8066.49,55.80439790,37.41961562,151.54
8067.48,55.80439595,37.41963119,151.53
8068.48,55.80439399,37.41964675,151.52
8069.47,55.80439203,37.41966231,151.50
8070.47,55.80439006,37.41967787,151.49
8071.46,55.80438809,37.41969343,151.47
8072.46,55.80438612,37.41970899,151.46
8073.45,55.80438415,37.41972454,151.44
8074.45,55.80438217,37.41974010,151.43
8075.44,55.80438020,37.41975566,151.41
8076.44,55.80437822,37.41977121,151.40
8077.43,55.80437625,37.41978677,151.38
8078.42,55.80437427,37.41980233,151.37
8079.41,55.80437231,37.41981788,151.35
8080.41,55.80437034,37.41983345,151.33
8081.40,55.80436839,37.41984901,151.32
8082.39,55.80436643,37.41986457,151.30
8083.39,55.80436448,37.41988014,151.28
8084.38,55.80436253,37.41989571,151.27
8085.37,55.80436057,37.41991127,151.25
8086.36,55.80435861,37.41992683,151.23
8087.36,55.80435664,37.41994239,151.22
8088.35,55.80435466,37.41995794,151.20
8089.34,55.80435267,37.41997349,151.19
8090.33,55.80435067,37.41998904,151.17
8091.33,55.80434867,37.42000459,151.16
8092.32,55.80434668,37.42002014,151.14
8093.31,55.80434470,37.42003569,151.13
8094.30,55.80434275,37.42005126,151.11
8095.30,55.80434082,37.42006683,151.10
8096.29,55.80433892,37.42008242,151.09
8097.28,55.80433705,37.42009801,151.07
8098.28,55.80433519,37.42011361,151.06
8099.27,55.80433333,37.42012921,151.05
8100.27,55.80433146,37.42014481,151.03
8101.26,55.80432958,37.42016041,151.02
8102.26,55.80432768,37.42017599,151.01
8103.25,55.80432575,37.42019157,151.00
8104.24,55.80432381,37.42020714,150.99
8105.24,55.80432185,37.42022270,150.98
8106.23,55.80431989,37.42023826,150.96
8107.23,55.80431791,37.42025382,150.95
8108.22,55.80431594,37.42026937,150.94
8109.22,55.80431396,37.42028493,150.92
8110.21,55.80431199,37.42030049,150.91
8111.21,55.80431002,37.42031604,150.90
8112.20,55.80430804,37.42033160,150.88
8113.19,55.80430607,37.42034716,150.87
8114.19,55.80430410,37.42036272,150.86
8115.18,55.80430213,37.42037827,150.85
8116.18,55.80430015,37.42039383,150.83
8117.17,55.80429817,37.42040938,150.82
8118.17,55.80429619,37.42042494,150.81
8119.16,55.80429422,37.42044049,150.79
8120.16,55.80429224,37.42045605,150.78
8121.16,55.80429027,37.42047161,150.76
8122.15,55.80428830,37.42048717,150.75
8123.15,55.80428633,37.42050272,150.73
8124.14,55.80428437,37.42051829,150.72
8125.14,55.80428240,37.42053385,150.70
8126.14,55.80428044,37.42054941,150.69
8127.13,55.80427847,37.42056497,150.68
8128.13,55.80427650,37.42058052,150.66
8129.12,55.80427453,37.42059608,150.65
8130.12,55.80427255,37.42061164,150.64
8131.12,55.80427057,37.42062719,150.62
8132.11,55.80426859,37.42064275,150.61
8133.11,55.80426662,37.42065830,150.60
8134.10,55.80426465,37.42067386,150.58
8135.10,55.80426268,37.42068942,150.57
8136.10,55.80426073,37.42070498,150.56
8137.09,55.80425877,37.42072055,150.55
8138.09,55.80425681,37.42073611,150.53
8139.08,55.80425486,37.42075167,150.52
8140.08,55.80425289,37.42076724,150.51
8141.08,55.80425093,37.42078280,150.49
8142.07,55.80424895,37.42079835,150.48
8143.07,55.80424697,37.42081390,150.46
8144.07,55.80424498,37.42082946,150.45
8145.06,55.80424300,37.42084501,150.43
8146.06,55.80424101,37.42086056,150.42
8147.05,55.80423903,37.42087611,150.40
8148.05,55.80423705,37.42089167,150.39
8149.05,55.80423508,37.42090723,150.37
8150.04,55.80423312,37.42092279,150.36
8151.04,55.80423116,37.42093835,150.34
8152.03,55.80422921,37.42095392,150.33
8153.03,55.80422725,37.42096948,150.31
8154.03,55.80422530,37.42098504,150.29
8155.02,55.80422334,37.42100061,150.27
8156.02,55.80422138,37.42101617,150.26
8157.01,55.80421942,37.42103173,150.24
8158.01,55.80421745,37.42104729,150.22
8159.01,55.80421548,37.42106285,150.20
8160.01,55.80421350,37.42107840,150.18
8161.01,55.80421152,37.42109396,150.16
8162.01,55.80420952,37.42110951,150.15
8163.01,55.80420752,37.42112505,150.13
8164.00,55.80420552,37.42114059,150.11
8165.00,55.80420351,37.42115614,150.10
8166.00,55.80420150,37.42117168,150.08
8167.00,55.80419952,37.42118723,150.06
8168.00,55.80419755,37.42120279,150.05
8169.00,55.80419561,37.42121836,150.03
8170.00,55.80419369,37.42123394,150.02
8171.00,55.80419180,37.42124953,150.00
8171.99,55.80418992,37.42126512,149.99
8172.99,55.80418805,37.42128072,149.97
8173.99,55.80418618,37.42129632,149.96
8174.99,55.80418430,37.42131191,149.94
8175.99,55.80418240,37.42132750,149.93
8176.99,55.80418047,37.42134307,149.91
8177.99,55.80417852,37.42135864,149.90
8178.99,55.80417654,37.42137419,149.88
8179.98,55.80417454,37.42138974,149.87
8180.98,55.80417252,37.42140527,149.85
8181.98,55.80417048,37.42142081,149.83
8182.98,55.80416843,37.42143633,149.82
8183.98,55.80416638,37.42145186,149.80
8184.98,55.80416433,37.42146738,149.78
8185.98,55.80416228,37.42148291,149.77
8186.98,55.80416024,37.42149844,149.75
8187.97,55.80415821,37.42151397,149.74
8188.97,55.80415619,37.42152951,149.73
8189.97,55.80415419,37.42154506,149.71
8190.97,55.80415221,37.42156061,149.70
8191.97,55.80415026,37.42157618,149.69
8192.97,55.80414834,37.42159175,149.67
8193.97,55.80414644,37.42160734,149.65
8194.97,55.80414458,37.42162294,149.64
8195.97,55.80414273,37.42163855,149.62
8196.96,55.80414091,37.42165416,149.61
8197.96,55.80413909,37.42166978,149.60
8198.96,55.80413726,37.42168539,149.58
8199.96,55.80413542,37.42170100,149.57
8200.96,55.80413354,37.42171659,149.56
8201.96,55.80413163,37.42173217,149.56
8202.96,55.80412969,37.42174774,149.55
8203.96,55.80412770,37.42176329,149.54
8204.95,55.80412567,37.42177883,149.53
8205.95,55.80412362,37.42179435,149.52
8206.95,55.80412155,37.42180987,149.51
8207.95,55.80411946,37.42182538,149.50
8208.95,55.80411737,37.42184089,149.48
8209.95,55.80411528,37.42185640,149.47
8210.95,55.80411321,37.42187191,149.46
8211.95,55.80411114,37.42188743,149.44
8212.94,55.80410911,37.42190296,149.43
8213.94,55.80410709,37.42191850,149.42
8214.94,55.80410510,37.42193405,149.41
8215.94,55.80410313,37.42194961,149.39
8216.94,55.80410119,37.42196518,149.38
8217.94,55.80409926,37.42198076,149.37
8218.94,55.80409735,37.42199634,149.36
8219.93,55.80409545,37.42201192,149.35
8220.93,55.80409354,37.42202750,149.33
8221.93,55.80409163,37.42204308,149.32
8222.93,55.80408970,37.42205866,149.30
8223.93,55.80408777,37.42207424,149.29
8224.93,55.80408583,37.42208981,149.28
8225.93,55.80408390,37.42210538,149.26
8226.92,55.80408196,37.42212095,149.25
8227.92,55.80408002,37.42213652,149.24
8228.92,55.80407809,37.42215209,149.23
8229.92,55.80407615,37.42216766,149.22
8230.92,55.80407420,37.42218323,149.21
8231.92,55.80407224,37.42219879,149.19
8232.92,55.80407026,37.42221435,149.18
8233.91,55.80406826,37.42222989,149.17
8234.91,55.80406623,37.42224543,149.16
8235.91,55.80406420,37.42226096,149.15
8236.91,55.80406216,37.42227649,149.14
8237.91,55.80406013,37.42229202,149.13
8238.91,55.80405813,37.42230757,149.12
8239.90,55.80405616,37.42232313,149.11
8240.90,55.80405424,37.42233870,149.10
8241.90,55.80405235,37.42235429,149.09
8242.90,55.80405048,37.42236989,149.08
8243.90,55.80404862,37.42238549,149.07
8244.90,55.80404675,37.42240109,149.06
8245.90,55.80404486,37.42241668,149.04
8246.89,55.80404294,37.42243226,149.03
8247.89,55.80404098,37.42244782,149.02
8248.89,55.80403900,37.42246337,149.00
8249.89,55.80403700,37.42247892,148.99
8250.89,55.80403500,37.42249447,148.97
8251.89,55.80403301,37.42251002,148.96
8252.89,55.80403104,37.42252557,148.94
8253.88,55.80402908,37.42254114,148.93
8254.88,55.80402715,37.42255671,148.91
8255.88,55.80402522,37.42257229,148.89
8256.88,55.80402330,37.42258786,148.87
8257.88,55.80402138,37.42260344,148.86
8258.88,55.80401943,37.42261901,148.84
8259.88,55.80401746,37.42263456,148.82
8260.88,55.80401547,37.42265012,148.80
8261.88,55.80401348,37.42266566,148.78
8262.88,55.80401147,37.42268121,148.77
8263.88,55.80400947,37.42269675,148.75
8264.88,55.80400749,37.42271231,148.73
8265.89,55.80400552,37.42272786,148.72
8266.89,55.80400356,37.42274343,148.70
8267.89,55.80400160,37.42275899,148.68
8268.89,55.80399964,37.42277455,148.66
8269.89,55.80399766,37.42279011,148.65
8270.89,55.80399567,37.42280566,148.63
8271.89,55.80399367,37.42282120,148.61
8272.89,55.80399166,37.42283675,148.60
8273.89,55.80398967,37.42285229,148.58
8274.89,55.80398771,37.42286785,148.57
8275.89,55.80398578,37.42288343,148.56
8276.89,55.80398389,37.42289902,148.55
8277.89,55.80398204,37.42291462,148.54
8278.89,55.80398020,37.42293023,148.53
8279.89,55.80397836,37.42294584,148.52
8280.89,55.80397651,37.42296144,148.52
8281.90,55.80397462,37.42297704,148.51
8282.90,55.80397270,37.42299261,148.50
8283.90,55.80397074,37.42300817,148.49
8284.90,55.80396875,37.42302372,148.48
8285.90,55.80396674,37.42303927,148.47
8286.90,55.80396473,37.42305481,148.46
8287.90,55.80396272,37.42307035,148.45
8288.90,55.80396072,37.42308590,148.45
8289.90,55.80395874,37.42310145,148.44
8290.90,55.80395677,37.42311701,148.44
8291.90,55.80395481,37.42313257,148.43
8292.90,55.80395285,37.42314813,148.42
8293.90,55.80395088,37.42316369,148.42
8294.90,55.80394890,37.42317925,148.41
8295.90,55.80394693,37.42319480,148.40
8296.90,55.80394496,37.42321036,148.39
8297.90,55.80394300,37.42322593,148.38
8298.90,55.80394106,37.42324150,148.37
8299.90,55.80393914,37.42325707,148.36
8300.90,55.80393724,37.42327266,148.35
8301.90,55.80393534,37.42328824,148.34
8302.90,55.80393344,37.42330383,148.33
8303.90,55.80393152,37.42331941,148.32
8304.90,55.80392958,37.42333498,148.31
8305.90,55.80392762,37.42335054,148.30
8306.90,55.80392563,37.42336609,148.29
8307.90,55.80392362,37.42338163,148.28
8308.90,55.80392162,37.42339718,148.27
8309.89,55.80391962,37.42341272,148.26
8310.89,55.80391765,37.42342828,148.25
8311.89,55.80391569,37.42344384,148.24
8312.89,55.80391375,37.42345941,148.23
8313.89,55.80391181,37.42347499,148.22
8314.89,55.80390987,37.42349055,148.21
8315.89,55.80390791,37.42350612,148.20
8316.89,55.80390593,37.42352167,148.20
8317.89,55.80390393,37.42353721,148.19
8318.89,55.80390192,37.42355276,148.18
8319.89,55.80389991,37.42356830,148.18
8320.89,55.80389792,37.42358385,148.17
8321.89,55.80389598,37.42359942,148.16
8322.89,55.80389407,37.42361500,148.16
8323.88,55.80389219,37.42363060,148.15
8324.88,55.80389036,37.42364621,148.15
8325.88,55.80388854,37.42366182,148.14
8326.88,55.80388673,37.42367744,148.14
8327.88,55.80388492,37.42369306,148.13
8328.88,55.80388308,37.42370867,148.13
8329.88,55.80388123,37.42372427,148.12
8330.88,55.80387936,37.42373987,148.12
8331.88,55.80387748,37.42375546,148.12
8332.88,55.80387559,37.42377105,148.11
8333.88,55.80387370,37.42378664,148.11
8334.88,55.80387183,37.42380224,148.11
8335.88,55.80386996,37.42381784,148.10
8336.88,55.80386811,37.42383344,148.10
8337.88,55.80386627,37.42384905,148.09
8338.88,55.80386444,37.42386466,148.09
8339.88,55.80386261,37.42388027,148.08
8340.88,55.80386078,37.42389589,148.08
8341.88,55.80385896,37.42391150,148.08
8342.88,55.80385716,37.42392712,148.07
8343.88,55.80385536,37.42394275,148.07
8344.88,55.80385359,37.42395838,148.06
8345.88,55.80385183,37.42397402,148.06
8346.88,55.80385010,37.42398967,148.05
8347.88,55.80384838,37.42400532,148.05
8348.88,55.80384668,37.42402097,148.04
8349.89,55.80384498,37.42403663,148.04
8350.89,55.80384328,37.42405229,148.04
8351.89,55.80384158,37.42406795,148.04
8352.89,55.80383987,37.42408361,148.03
8353.89,55.80383817,37.42409926,148.03
8354.89,55.80383646,37.42411492,148.03
8355.89,55.80383477,37.42413058,148.03
8356.89,55.80383308,37.42414624,148.03
8357.89,55.80383141,37.42416191,148.03
8358.89,55.80382974,37.42417758,148.03
8359.89,55.80382807,37.42419325,148.03
8360.89,55.80382639,37.42420891,148.03
8361.90,55.80382471,37.42422458,148.03
8362.90,55.80382301,37.42424023,148.03
8363.90,55.80382130,37.42425589,148.03
8364.90,55.80381958,37.42427154,148.03
8365.90,55.80381785,37.42428719,148.03
8366.90,55.80381613,37.42430284,148.03
8367.90,55.80381442,37.42431849,148.04
8368.90,55.80381273,37.42433415,148.04
8369.90,55.80381106,37.42434982,148.04
8370.90,55.80380942,37.42436550,148.04
8371.90,55.80380780,37.42438119,148.04
8372.90,55.80380621,37.42439688,148.05
8373.91,55.80380465,37.42441259,148.05
8374.91,55.80380311,37.42442830,148.05
8375.91,55.80380160,37.42444402,148.05
8376.91,55.80380012,37.42445974,148.06
8377.91,55.80379866,37.42447548,148.06
8378.91,55.80379723,37.42449122,148.06
8379.91,55.80379583,37.42450697,148.07
8380.91,55.80379445,37.42452273,148.07
8381.91,55.80379310,37.42453850,148.07
8382.91,55.80379178,37.42455427,148.07
8383.91,55.80379047,37.42457004,148.08
8384.91,55.80378919,37.42458583,148.08
8385.91,55.80378793,37.42460162,148.08
8386.92,55.80378670,37.42461741,148.08
8387.92,55.80378550,37.42463322,148.09
8388.92,55.80378434,37.42464903,148.09
8389.92,55.80378321,37.42466485,148.09
8390.92,55.80378213,37.42468068,148.09
8391.92,55.80378109,37.42469652,148.10
8392.92,55.80378010,37.42471237,148.10
8393.92,55.80377916,37.42472823,148.10
8394.92,55.80377825,37.42474409,148.10
8395.92,55.80377737,37.42475996,148.10
8396.92,55.80377651,37.42477583,148.10
8397.92,55.80377566,37.42479171,148.10
8398.92,55.80377482,37.42480758,148.10
8399.92,55.80377397,37.42482346,148.11
8400.92,55.80377313,37.42483934,148.11
8401.92,55.80377229,37.42485521,148.11
8402.92,55.80377145,37.42487109,148.12
8403.92,55.80377062,37.42488697,148.12
8404.92,55.80376982,37.42490285,148.12
8405.92,55.80376903,37.42491874,148.12
8406.92,55.80376827,37.42493462,148.13
8407.92,55.80376753,37.42495052,148.13
8408.92,55.80376682,37.42496641,148.13
8409.92,55.80376613,37.42498231,148.14
8410.92,55.80376544,37.42499821,148.14
8411.92,55.80376476,37.42501411,148.14
8412.92,55.80376407,37.42503001,148.15
8413.92,55.80376338,37.42504591,148.15
8414.92,55.80376268,37.42506181,148.16
8415.92,55.80376197,37.42507771,148.16
8416.92,55.80376125,37.42509360,148.16
8417.92,55.80376052,37.42510950,148.17
8418.92,55.80375981,37.42512539,148.17
8419.92,55.80375909,37.42514129,148.18
8420.92,55.80375839,37.42515718,148.18
8421.93,55.80375769,37.42517308,148.18
8422.93,55.80375700,37.42518898,148.18
8423.93,55.80375633,37.42520488,148.19
8424.93,55.80375565,37.42522078,148.19
8425.93,55.80375498,37.42523669,148.19
8426.93,55.80375431,37.42525259,148.19
8427.93,55.80375364,37.42526849,148.20
8428.93,55.80375298,37.42528439,148.20
8429.93,55.80375232,37.42530030,148.20
8430.93,55.80375168,37.42531620,148.20
8431.93,55.80375104,37.42533211,148.20
8432.93,55.80375042,37.42534802,148.20
8433.93,55.80374981,37.42536393,148.20
8434.93,55.80374922,37.42537984,148.21
8435.94,55.80374864,37.42539575,148.21
8436.94,55.80374806,37.42541166,148.21
8437.94,55.80374749,37.42542758,148.21
8438.94,55.80374692,37.42544349,148.21
8439.94,55.80374635,37.42545941,148.22
8440.94,55.80374578,37.42547532,148.22
8441.94,55.80374521,37.42549124,148.22
8442.94,55.80374464,37.42550715,148.22
8443.94,55.80374408,37.42552307,148.22
8444.94,55.80374353,37.42553898,148.22
8445.94,55.80374300,37.42555490,148.23
8446.94,55.80374248,37.42557082,148.23
8447.94,55.80374197,37.42558674,148.23
8448.94,55.80374147,37.42560266,148.23
8449.94,55.80374098,37.42561858,148.23
8450.94,55.80374050,37.42563451,148.23
8451.94,55.80374003,37.42565043,148.23
8452.94,55.80373957,37.42566636,148.23
8453.94,55.80373913,37.42568229,148.24
8454.94,55.80373869,37.42569821,148.24
8455.94,55.80373828,37.42571414,148.24
8456.94,55.80373788,37.42573007,148.24
8457.94,55.80373750,37.42574601,148.24
8458.94,55.80373713,37.42576194,148.24
8459.94,55.80373677,37.42577787,148.24
8460.94,55.80373643,37.42579381,148.24
8461.94,55.80373611,37.42580974,148.24
8462.94,55.80373579,37.42582568,148.24
8463.94,55.80373548,37.42584162,148.24
8464.94,55.80373518,37.42585755,148.24
8465.94,55.80373488,37.42587349,148.24
8466.94,55.80373458,37.42588943,148.23
8467.94,55.80373428,37.42590537,148.23
8468.94,55.80373398,37.42592130,148.23
8469.94,55.80373368,37.42593724,148.23
8470.94,55.80373337,37.42595318,148.23
8471.94,55.80373307,37.42596912,148.23
8472.94,55.80373278,37.42598505,148.23
8473.94,55.80373249,37.42600099,148.23
8474.94,55.80373222,37.42601693,148.23
8475.94,55.80373195,37.42603287,148.23
8476.94,55.80373170,37.42604881,148.23
8477.94,55.80373145,37.42606475,148.23
8478.94,55.80373121,37.42608069,148.23
8479.94,55.80373098,37.42609663,148.23
8480.94,55.80373074,37.42611257,148.23
8481.94,55.80373050,37.42612851,148.23
8482.94,55.80373025,37.42614445,148.23
8483.94,55.80373000,37.42616039,148.23
8484.94,55.80372973,37.42617633,148.23
8485.94,55.80372946,37.42619227,148.24
8486.94,55.80372917,37.42620821,148.24
8487.94,55.80372889,37.42622415,148.24
8488.94,55.80372860,37.42624009,148.24
8489.95,55.80372831,37.42625603,148.25
8490.95,55.80372802,37.42627196,148.25
8491.95,55.80372774,37.42628790,148.25
8492.95,55.80372746,37.42630384,148.25
8493.95,55.80372720,37.42631978,148.26
8494.95,55.80372694,37.42633572,148.26
8495.95,55.80372669,37.42635166,148.26
8496.95,55.80372645,37.42636760,148.26
8497.95,55.80372621,37.42638354,148.27
8498.94,55.80372597,37.42639948,148.27
8499.94,55.80372574,37.42641542,148.27
8500.94,55.80372550,37.42643137,148.27
8501.94,55.80372526,37.42644731,148.28
8502.94,55.80372501,37.42646325,148.28
8503.94,55.80372475,37.42647919,148.28
8504.94,55.80372449,37.42649513,148.28
8505.94,55.80372422,37.42651106,148.28
8506.93,55.80372395,37.42652700,148.28
8507.93,55.80372368,37.42654294,148.28
8508.93,55.80372343,37.42655888,148.28
8509.93,55.80372319,37.42657482,148.28
8510.93,55.80372296,37.42659077,148.28
8511.93,55.80372274,37.42660671,148.28
8512.93,55.80372252,37.42662265,148.28
8513.93,55.80372231,37.42663859,148.28
8514.93,55.80372209,37.42665453,148.28
8515.92,55.80372185,37.42667047,148.29
8516.92,55.80372161,37.42668641,148.29
8517.92,55.80372135,37.42670235,148.29
8518.92,55.80372108,37.42671829,148.29
8519.93,55.80372081,37.42673423,148.29
8520.93,55.80372053,37.42675017,148.29
8521.93,55.80372027,37.42676611,148.29
8522.93,55.80372001,37.42678205,148.29
8523.93,55.80371976,37.42679799,148.29
8524.93,55.80371952,37.42681393,148.29
8525.93,55.80371928,37.42682987,148.29
8526.93,55.80371905,37.42684581,148.29
8527.93,55.80371881,37.42686175,148.29
8528.93,55.80371858,37.42687769,148.30
8529.93,55.80371834,37.42689364,148.30
8530.94,55.80371811,37.42690958,148.30
8531.94,55.80371789,37.42692552,148.31
8532.94,55.80371767,37.42694146,148.31
8533.94,55.80371746,37.42695740,148.31
8534.94,55.80371725,37.42697334,148.32
8535.94,55.80371703,37.42698929,148.32
8536.94,55.80371681,37.42700523,148.33
8537.94,55.80371658,37.42702117,148.33
8538.94,55.80371634,37.42703711,148.34
8539.94,55.80371607,37.42705305,148.35
8540.94,55.80371579,37.42706899,148.36
8541.95,55.80371549,37.42708492,148.37
8542.95,55.80371517,37.42710086,148.37
8543.95,55.80371484,37.42711680,148.38
8544.95,55.80371451,37.42713273,148.39
8545.95,55.80371418,37.42714867,148.40
8546.95,55.80371386,37.42716460,148.40
8547.95,55.80371356,37.42718054,148.41
8548.95,55.80371329,37.42719648,148.42
8549.95,55.80371306,37.42721242,148.42
8550.95,55.80371287,37.42722836,148.43
8551.95,55.80371274,37.42724431,148.44
8552.96,55.80371267,37.42726025,148.44
8553.96,55.80371266,37.42727620,148.45
8554.96,55.80371272,37.42729215,148.45
8555.96,55.80371284,37.42730809,148.46
8556.96,55.80371301,37.42732404,148.46
8557.96,55.80371324,37.42733998,148.47
8558.96,55.80371351,37.42735592,148.47
8559.96,55.80371383,37.42737185,148.48
8560.96,55.80371418,37.42738779,148.48
8561.96,55.80371456,37.42740372,148.48
8562.96,55.80371497,37.42741965,148.49
8563.97,55.80371541,37.42743557,148.49
8564.97,55.80371589,37.42745150,148.50
8565.97,55.80371639,37.42746742,148.50
8566.97,55.80371692,37.42748334,148.51
8567.97,55.80371750,37.42749925,148.51
8568.97,55.80371812,37.42751516,148.51
8569.97,55.80371878,37.42753106,148.52
8570.97,55.80371947,37.42754696,148.52
8571.97,55.80372021,37.42756286,148.53
8572.97,55.80372099,37.42757874,148.53
8573.97,55.80372180,37.42759462,148.53
8574.98,55.80372264,37.42761050,148.54
8575.98,55.80372351,37.42762637,148.54
8576.98,55.80372440,37.42764224,148.54
8577.97,55.80372532,37.42765810,148.55
8578.97,55.80372626,37.42767396,148.55
8579.97,55.80372721,37.42768982,148.55
8580.96,55.80372817,37.42770567,148.55
8581.96,55.80372914,37.42772153,148.55
8582.96,55.80373011,37.42773738,148.54
8583.95,55.80373109,37.42775323,148.54
8584.95,55.80373208,37.42776908,148.54
8585.94,55.80373308,37.42778493,148.53
8586.94,55.80373410,37.42780077,148.53
8587.94,55.80373514,37.42781661,148.52
8588.93,55.80373623,37.42783244,148.51
8589.93,55.80373736,37.42784826,148.51
8590.93,55.80373855,37.42786406,148.50
8591.92,55.80373980,37.42787985,148.49
8592.92,55.80374112,37.42789563,148.48
8593.91,55.80374252,37.42791138,148.47
8594.91,55.80374397,37.42792711,148.45
8595.91,55.80374550,37.42794283,148.44
8596.90,55.80374708,37.42795852,148.43
8597.90,55.80374873,37.42797420,148.41
8598.90,55.80375041,37.42798986,148.40
8599.89,55.80375215,37.42800551,148.39
8600.89,55.80375391,37.42802115,148.37
8601.89,55.80375571,37.42803677,148.36
8602.88,55.80375753,37.42805238,148.35
8603.88,55.80375938,37.42806799,148.34
8604.87,55.80376125,37.42808359,148.32
8605.87,55.80376314,37.42809918,148.31
8606.87,55.80376505,37.42811476,148.30
8607.86,55.80376699,37.42813033,148.29
8608.86,55.80376897,37.42814588,148.28
8609.86,55.80377098,37.42816142,148.26
8610.85,55.80377304,37.42817695,148.25
8611.85,55.80377514,37.42819245,148.24
8612.84,55.80377728,37.42820794,148.23
8613.84,55.80377946,37.42822341,148.22
8614.84,55.80378168,37.42823886,148.21
8615.83,55.80378392,37.42825430,148.20
8616.83,55.80378619,37.42826973,148.20
8617.83,55.80378848,37.42828515,148.19
8618.83,55.80379079,37.42830056,148.18
8619.83,55.80379312,37.42831596,148.17
8620.83,55.80379547,37.42833135,148.17
8621.83,55.80379783,37.42834674,148.16
8622.82,55.80380021,37.42836211,148.15
8623.82,55.80380261,37.42837748,148.14
8624.82,55.80380502,37.42839284,148.14
8625.82,55.80380744,37.42840820,148.13
8626.82,55.80380986,37.42842356,148.12
8627.82,55.80381228,37.42843891,148.12
8628.82,55.80381469,37.42845427,148.11
8629.82,55.80381710,37.42846963,148.10
8630.82,55.80381951,37.42848500,148.10
8631.82,55.80382191,37.42850036,148.09
8632.82,55.80382430,37.42851573,148.09
8633.82,55.80382669,37.42853111,148.08
8634.82,55.80382908,37.42854648,148.08
8635.81,55.80383146,37.42856185,148.08
8636.81,55.80383384,37.42857723,148.07
8637.81,55.80383622,37.42859261,148.07
8638.82,55.80383860,37.42860798,148.06
8639.82,55.80384098,37.42862336,148.06
8640.82,55.80384337,37.42863873,148.06
8641.82,55.80384576,37.42865410,148.05
8642.82,55.80384816,37.42866947,148.05
8643.82,55.80385056,37.42868484,148.04
8644.82,55.80385296,37.42870020,148.04
8645.82,55.80385535,37.42871557,148.04
8646.82,55.80385774,37.42873094,148.04
8647.82,55.80386012,37.42874632,148.03
8648.82,55.80386249,37.42876170,148.03
8649.82,55.80386486,37.42877709,148.03
8650.83,55.80386721,37.42879247,148.03
8651.83,55.80386957,37.42880786,148.03
8652.83,55.80387192,37.42882325,148.02
8653.83,55.80387429,37.42883864,148.02
8654.83,55.80387666,37.42885402,148.02
8655.83,55.80387904,37.42886939,148.02
8656.83,55.80388143,37.42888476,148.02
8657.83,55.80388383,37.42890013,148.02
8658.83,55.80388625,37.42891549,148.02
8659.83,55.80388867,37.42893084,148.02
8660.83,55.80389108,37.42894620,148.02
8661.83,55.80389349,37.42896157,148.02
8662.84,55.80389589,37.42897693,148.02
8663.84,55.80389828,37.42899230,148.02
8664.84,55.80390066,37.42900768,148.02
8665.84,55.80390303,37.42902306,148.02
8666.84,55.80390539,37.42903845,148.02
8667.84,55.80390777,37.42905383,148.02
8668.84,55.80391014,37.42906920,148.02
8669.84,55.80391253,37.42908458,148.02
8670.84,55.80391491,37.42909995,148.02
8671.84,55.80391730,37.42911532,148.03
8672.84,55.80391969,37.42913070,148.03
8673.84,55.80392207,37.42914607,148.03
8674.85,55.80392445,37.42916145,148.03
8675.85,55.80392682,37.42917683,148.03
8676.85,55.80392919,37.42919221,148.03
8677.84,55.80393156,37.42920759,148.03
8678.84,55.80393393,37.42922297,148.03
8679.84,55.80393631,37.42923835,148.03
8680.84,55.80393868,37.42925373,148.03
8681.84,55.80394107,37.42926911,148.03
8682.83,55.80394345,37.42928448,148.03
8683.83,55.80394584,37.42929985,148.03
8684.83,55.80394823,37.42931522,148.03
8685.83,55.80395062,37.42933059,148.03
8686.83,55.80395301,37.42934597,148.03
8687.82,55.80395540,37.42936134,148.03
8688.82,55.80395779,37.42937671,148.03
8689.82,55.80396017,37.42939209,148.03
8690.82,55.80396255,37.42940746,148.04
8691.82,55.80396493,37.42942284,148.04
8692.81,55.80396731,37.42943821,148.04
8693.81,55.80396970,37.42945359,148.04
8694.81,55.80397210,37.42946895,148.05
8695.81,55.80397451,37.42948432,148.05
8696.80,55.80397693,37.42949967,148.05
8697.80,55.80397936,37.42951503,148.06
8698.80,55.80398179,37.42953038,148.06
8699.80,55.80398421,37.42954573,148.06
8700.80,55.80398664,37.42956108,148.07
8701.79,55.80398905,37.42957645,148.07
8702.79,55.80399144,37.42959182,148.07
8703.79,55.80399382,37.42960719,148.07
8704.79,55.80399618,37.42962258,148.08
8705.79,55.80399854,37.42963797,148.08
8706.78,55.80400089,37.42965336,148.08
8707.78,55.80400324,37.42966875,148.09
8708.78,55.80400558,37.42968414,148.09
8709.78,55.80400794,37.42969953,148.09
8710.78,55.80401030,37.42971491,148.09
8711.77,55.80401268,37.42973029,148.10
8712.77,55.80401508,37.42974566,148.10
8713.77,55.80401749,37.42976102,148.10
8714.77,55.80401991,37.42977638,148.11
8715.77,55.80402234,37.42979173,148.11
8716.76,55.80402476,37.42980708,148.11
8717.76,55.80402719,37.42982244,148.12
8718.76,55.80402960,37.42983780,148.12
8719.76,55.80403201,37.42985316,148.12
8720.75,55.80403441,37.42986853,148.12
8721.75,55.80403680,37.42988390,148.13
8722.75,55.80403919,37.42989927,148.13
8723.75,55.80404159,37.42991464,148.13
8724.75,55.80404398,37.42993001,148.14
8725.74,55.80404637,37.42994538,148.14
8726.74,55.80404876,37.42996075,148.15
8727.74,55.80405114,37.42997613,148.15
8728.74,55.80405351,37.42999151,148.16
8729.74,55.80405587,37.43000689,148.16
8730.73,55.80405824,37.43002228,148.17
8731.73,55.80406060,37.43003766,148.17
8732.73,55.80406298,37.43005304,148.17
8733.73,55.80406537,37.43006841,148.18
8734.73,55.80406777,37.43008378,148.18
8735.72,55.80407018,37.43009914,148.19
8736.72,55.80407260,37.43011450,148.19
8737.72,55.80407502,37.43012985,148.19
8738.72,55.80407744,37.43014521,148.20
8739.72,55.80407984,37.43016058,148.20
8740.72,55.80408223,37.43017595,148.21
8741.72,55.80408461,37.43019132,148.21
8742.72,55.80408698,37.43020671,148.22
8743.72,55.80408935,37.43022209,148.22
8744.72,55.80409171,37.43023747,148.23
8745.72,55.80409408,37.43025285,148.23
8746.72,55.80409647,37.43026823,148.23
8747.72,55.80409886,37.43028360,148.24
8748.72,55.80410126,37.43029897,148.24
8749.72,55.80410367,37.43031433,148.24
8750.71,55.80410608,37.43032969,148.25
8751.71,55.80410851,37.43034504,148.25
8752.71,55.80411093,37.43036040,148.26
8753.71,55.80411334,37.43037576,148.26
8754.71,55.80411574,37.43039112,148.26
8755.71,55.80411814,37.43040649,148.27
8756.71,55.80412052,37.43042187,148.27
8757.71,55.80412289,37.43043725,148.28
8758.70,55.80412526,37.43045263,148.28
8759.70,55.80412762,37.43046802,148.29
8760.70,55.80412997,37.43048341,148.29
8761.69,55.80413233,37.43049879,148.30
8762.69,55.80413470,37.43051418,148.30
8763.68,55.80413707,37.43052955,148.31
8764.68,55.80413946,37.43054493,148.32
8765.68,55.80414185,37.43056030,148.32
8766.67,55.80414425,37.43057567,148.33
8767.67,55.80414664,37.43059104,148.33
8768.66,55.80414904,37.43060641,148.34
8769.66,55.80415143,37.43062178,148.34
8770.66,55.80415381,37.43063715,148.35
8771.65,55.80415619,37.43065253,148.35
8772.65,55.80415856,37.43066791,148.36
8773.65,55.80416092,37.43068330,148.36
8774.64,55.80416329,37.43069868,148.37
8775.64,55.80416567,37.43071406,148.38
8776.63,55.80416805,37.43072943,148.38
8777.63,55.80417045,37.43074480,148.39
8778.63,55.80417285,37.43076017,148.39
8779.63,55.80417526,37.43077553,148.40
8780.63,55.80417767,37.43079089,148.40
8781.63,55.80418008,37.43080625,148.41
8782.63,55.80418248,37.43082162,148.41
8783.63,55.80418488,37.43083698,148.42
8784.63,55.80418727,37.43085236,148.42
8785.63,55.80418966,37.43086773,148.43
8786.63,55.80419204,37.43088310,148.43
8787.63,55.80419442,37.43089848,148.43
8788.63,55.80419679,37.43091386,148.44
8789.63,55.80419917,37.43092924,148.44
8790.63,55.80420154,37.43094462,148.45
8791.63,55.80420391,37.43096000,148.45
8792.63,55.80420628,37.43097538,148.46
8793.63,55.80420865,37.43099076,148.46
8794.63,55.80421102,37.43100614,148.47
8795.62,55.80421340,37.43102152,148.47
8796.62,55.80421579,37.43103689,148.47
8797.62,55.80421819,37.43105226,148.48
8798.62,55.80422059,37.43106762,148.48
8799.62,55.80422301,37.43108298,148.48
8800.61,55.80422543,37.43109834,148.48
8801.61,55.80422784,37.43111370,148.49
8802.61,55.80423024,37.43112907,148.49
8803.61,55.80423263,37.43114444,148.49
8804.60,55.80423500,37.43115982,148.50
8805.60,55.80423736,37.43117521,148.50
8806.60,55.80423971,37.43119060,148.50
8807.60,55.80424207,37.43120599,148.50
8808.59,55.80424444,37.43122137,148.51
8809.59,55.80424682,37.43123674,148.51
8810.59,55.80424922,37.43125211,148.51
8811.59,55.80425162,37.43126748,148.51
8812.58,55.80425403,37.43128284,148.51
8813.58,55.80425642,37.43129821,148.52
8814.58,55.80425881,37.43131358,148.52
8815.58,55.80426117,37.43132897,148.52
8816.57,55.80426352,37.43134436,148.53
8817.58,55.80426587,37.43135975,148.53
8818.58,55.80426821,37.43137514,148.53
8819.58,55.80427057,37.43139053,148.53
8820.58,55.80427295,37.43140591,148.54
8821.58,55.80427534,37.43142128,148.54
8822.58,55.80427775,37.43143664,148.54
8823.58,55.80428017,37.43145200,148.55
8824.59,55.80428259,37.43146735,148.55
8825.59,55.80428500,37.43148272,148.55
8826.59,55.80428740,37.43149808,148.56
8827.59,55.80428978,37.43151346,148.56
8828.59,55.80429214,37.43152885,148.57
8829.59,55.80429448,37.43154424,148.57
8830.60,55.80429683,37.43155964,148.58
8831.60,55.80429918,37.43157502,148.58
8832.60,55.80430155,37.43159041,148.58
8833.60,55.80430393,37.43160578,148.59
8834.60,55.80430634,37.43162114,148.59
8835.60,55.80430876,37.43163650,148.59
8836.60,55.80431119,37.43165185,148.60
8837.60,55.80431361,37.43166721,148.60
8838.60,55.80431603,37.43168257,148.60
8839.60,55.80431842,37.43169794,148.60
8840.59,55.80432080,37.43171332,148.61
8841.59,55.80432315,37.43172871,148.61
8842.59,55.80432549,37.43174410,148.61
8843.59,55.80432781,37.43175951,148.61
8844.58,55.80433013,37.43177491,148.62
8845.58,55.80433246,37.43179032,148.62
8846.58,55.80433479,37.43180571,148.62
8847.58,55.80433714,37.43182111,148.62
8848.57,55.80433951,37.43183649,148.63
8849.57,55.80434189,37.43185186,148.63
8850.57,55.80434429,37.43186723,148.63
8851.57,55.80434671,37.43188259,148.63
8852.56,55.80434914,37.43189794,148.63
8853.56,55.80435157,37.43191329,148.64
8854.56,55.80435399,37.43192865,148.64
8855.56,55.80435641,37.43194401,148.64
8856.55,55.80435881,37.43195937,148.65
8857.56,55.80436120,37.43197474,148.65
8858.56,55.80436357,37.43199012,148.65
8859.56,55.80436594,37.43200551,148.66
8860.56,55.80436831,37.43202089,148.66
8861.56,55.80437069,37.43203627,148.66
8862.56,55.80437309,37.43205163,148.67
8863.56,55.80437550,37.43206699,148.67
8864.57,55.80437793,37.43208235,148.67
8865.57,55.80438035,37.43209770,148.67
8866.57,55.80438278,37.43211306,148.68
8867.57,55.80438518,37.43212842,148.68
8868.57,55.80438755,37.43214380,148.68
8869.57,55.80438991,37.43215919,148.68
8870.58,55.80439224,37.43217459,148.69
8871.58,55.80439458,37.43218999,148.69
8872.58,55.80439692,37.43220538,148.69
8873.58,55.80439929,37.43222076,148.69
8874.58,55.80440168,37.43223613,148.70
8875.58,55.80440410,37.43225149,148.70
8876.59,55.80440654,37.43226684,148.70
8877.59,55.80440898,37.43228218,148.70
8878.59,55.80441142,37.43229753,148.70
8879.60,55.80441383,37.43231289,148.70
8880.60,55.80441622,37.43232827,148.70
8881.60,55.80441859,37.43234365,148.71
8882.60,55.80442094,37.43235904,148.71
8883.61,55.80442328,37.43237443,148.71
8884.61,55.80442564,37.43238982,148.71
8885.61,55.80442801,37.43240520,148.71
8886.62,55.80443041,37.43242057,148.71
8887.62,55.80443283,37.43243593,148.71
8888.62,55.80443526,37.43245128,148.71
8889.63,55.80443770,37.43246662,148.71
8890.63,55.80444014,37.43248197,148.71
8891.63,55.80444256,37.43249733,148.71
8892.64,55.80444496,37.43251269,148.71
8893.64,55.80444733,37.43252807,148.71
8894.64,55.80444968,37.43254347,148.71
8895.65,55.80445202,37.43255886,148.71
8896.65,55.80445435,37.43257427,148.71
8897.65,55.80445668,37.43258966,148.71
8898.66,55.80445903,37.43260506,148.71
8899.66,55.80446140,37.43262044,148.71
8900.66,55.80446379,37.43263581,148.71
8901.67,55.80446620,37.43265117,148.71
8902.67,55.80446863,37.43266653,148.71
8903.68,55.80447106,37.43268188,148.71
8904.68,55.80447349,37.43269723,148.71
8905.68,55.80447591,37.43271259,148.71
8906.69,55.80447831,37.43272795,148.71
8907.69,55.80448070,37.43274332,148.71
8908.69,55.80448307,37.43275870,148.71
8909.70,55.80448544,37.43277409,148.71
8910.70,55.80448781,37.43278947,148.71
8911.70,55.80449019,37.43280485,148.71
8912.71,55.80449258,37.43282022,148.70
8913.71,55.80449499,37.43283558,148.70
8914.71,55.80449742,37.43285093,148.70
8915.72,55.80449986,37.43286628,148.70
8916.72,55.80450230,37.43288162,148.70
8917.72,55.80450472,37.43289698,148.70
8918.73,55.80450714,37.43291234,148.70
8919.73,55.80450953,37.43292771,148.69
8920.74,55.80451191,37.43294309,148.69
8921.74,55.80451427,37.43295847,148.69
8922.75,55.80451660,37.43297387,148.69
8923.75,55.80451893,37.43298927,148.69
8924.76,55.80452125,37.43300468,148.69
8925.76,55.80452357,37.43302008,148.68
8926.77,55.80452589,37.43303549,148.68
8927.77,55.80452821,37.43305089,148.68
8928.78,55.80453055,37.43306629,148.68
8929.78,55.80453291,37.43308168,148.68
8930.79,55.80453529,37.43309706,148.67
8931.79,55.80453769,37.43311242,148.67
8932.80,55.80454011,37.43312778,148.67
8933.80,55.80454254,37.43314313,148.67
8934.81,55.80454497,37.43315848,148.66
8935.81,55.80454739,37.43317384,148.66
8936.82,55.80454979,37.43318921,148.66
8937.82,55.80455216,37.43320459,148.65
8938.83,55.80455452,37.43321998,148.65
8939.83,55.80455685,37.43323537,148.64
8940.84,55.80455919,37.43325077,148.64
8941.84,55.80456154,37.43326616,148.63
8942.85,55.80456391,37.43328155,148.63
8943.85,55.80456630,37.43329691,148.62
8944.86,55.80456873,37.43331227,148.62
8945.86,55.80457118,37.43332761,148.61
8946.87,55.80457363,37.43334295,148.61
8947.87,55.80457608,37.43335829,148.60
8948.88,55.80457851,37.43337365,148.60
8949.88,55.80458092,37.43338901,148.59
8950.89,55.80458329,37.43340439,148.58
8951.89,55.80458564,37.43341978,148.58
8952.90,55.80458799,37.43343517,148.57
8953.90,55.80459033,37.43345057,148.57
8954.91,55.80459268,37.43346596,148.56
8955.91,55.80459506,37.43348134,148.55
8956.92,55.80459746,37.43349670,148.55
8957.92,55.80459988,37.43351206,148.54
8958.92,55.80460230,37.43352742,148.53
8959.92,55.80460473,37.43354277,148.53
8960.92,55.80460714,37.43355813,148.52
8961.92,55.80460953,37.43357350,148.51
8962.92,55.80461190,37.43358888,148.51
8963.91,55.80461424,37.43360428,148.50
8964.91,55.80461657,37.43361968,148.49
8965.91,55.80461891,37.43363508,148.49
8966.91,55.80462125,37.43365047,148.48
8967.91,55.80462361,37.43366586,148.48
8968.91,55.80462599,37.43368124,148.47
8969.91,55.80462840,37.43369660,148.47
8970.91,55.80463083,37.43371195,148.46
8971.91,55.80463327,37.43372730,148.46
8972.91,55.80463570,37.43374265,148.45
8973.91,55.80463812,37.43375800,148.45
8974.91,55.80464052,37.43377337,148.45
8975.91,55.80464289,37.43378875,148.44
8976.91,55.80464524,37.43380415,148.44
8977.91,55.80464757,37.43381955,148.44
8978.91,55.80464988,37.43383495,148.44
8979.91,55.80465221,37.43385036,148.43
8980.90,55.80465454,37.43386576,148.43
8981.90,55.80465689,37.43388115,148.43
8982.90,55.80465927,37.43389653,148.43
8983.90,55.80466168,37.43391189,148.43
8984.90,55.80466410,37.43392725,148.42
8985.90,55.80466653,37.43394260,148.42
8986.90,55.80466896,37.43395795,148.42
8987.90,55.80467137,37.43397331,148.42
8988.90,55.80467376,37.43398868,148.41
8989.90,55.80467612,37.43400407,148.41
8990.90,55.80467846,37.43401946,148.41
8991.90,55.80468080,37.43403486,148.40
8992.90,55.80468313,37.43405026,148.40
8993.90,55.80468547,37.43406566,148.40
8994.90,55.80468784,37.43408104,148.39
8995.90,55.80469023,37.43409641,148.39
8996.90,55.80469265,37.43411177,148.38
8997.90,55.80469509,37.43412712,148.38
8998.90,55.80469754,37.43414246,148.37
8999.90,55.80469998,37.43415780,148.37
9000.90,55.80470243,37.43417315,148.36
9001.90,55.80470485,37.43418850,148.35
9002.90,55.80470726,37.43420387,148.35
9003.90,55.80470966,37.43421923,148.34
9004.90,55.80471207,37.43423460,148.33
9005.90,55.80471448,37.43424996,148.32
9006.90,55.80471690,37.43426531,148.32
9007.90,55.80471933,37.43428067,148.31
9008.90,55.80472177,37.43429601,148.30
9009.90,55.80472420,37.43431136,148.29
9010.90,55.80472662,37.43432672,148.28
9011.90,55.80472901,37.43434210,148.27
9012.90,55.80473136,37.43435749,148.26
9013.90,55.80473367,37.43437289,148.25
9014.90,55.80473596,37.43438832,148.25
9015.90,55.80473821,37.43440375,148.24
9016.90,55.80474045,37.43441920,148.23
9017.90,55.80474268,37.43443465,148.23
9018.90,55.80474489,37.43445010,148.22
9019.90,55.80474709,37.43446556,148.21
9020.90,55.80474927,37.43448103,148.21
9021.90,55.80475142,37.43449651,148.20
9022.90,55.80475355,37.43451201,148.19
9023.90,55.80475565,37.43452751,148.19
9024.90,55.80475772,37.43454303,148.18
9025.90,55.80475978,37.43455855,148.17
9026.90,55.80476184,37.43457407,148.17
9027.90,55.80476390,37.43458960,148.16
9028.91,55.80476596,37.43460511,148.16
9029.91,55.80476804,37.43462063,148.15
9030.91,55.80477011,37.43463615,148.15
9031.91,55.80477218,37.43465167,148.14
9032.91,55.80477423,37.43466719,148.14
9033.91,55.80477628,37.43468272,148.13
9034.91,55.80477831,37.43469825,148.12
9035.91,55.80478032,37.43471379,148.12
9036.91,55.80478231,37.43472934,148.11
9037.91,55.80478429,37.43474490,148.10
9038.91,55.80478624,37.43476046,148.10
9039.91,55.80478817,37.43477604,148.09
9040.91,55.80479007,37.43479163,148.08
9041.91,55.80479193,37.43480722,148.08
9042.91,55.80479377,37.43482283,148.07
9043.92,55.80479559,37.43483845,148.06
9044.92,55.80479739,37.43485407,148.06
9045.92,55.80479918,37.43486970,148.05
9046.92,55.80480097,37.43488533,148.05
9047.92,55.80480276,37.43490095,148.04
9048.92,55.80480456,37.43491658,148.03
9049.92,55.80480635,37.43493220,148.03
9050.92,55.80480814,37.43494783,148.02
9051.92,55.80480993,37.43496346,148.02
9052.92,55.80481170,37.43497909,148.01
9053.92,55.80481345,37.43499473,148.00
9054.92,55.80481518,37.43501038,148.00
9055.92,55.80481687,37.43502604,147.99
9056.92,55.80481854,37.43504171,147.98
9057.93,55.80482018,37.43505739,147.97
9058.93,55.80482179,37.43507308,147.97
9059.93,55.80482338,37.43508877,147.96
9060.93,55.80482495,37.43510448,147.96
9061.93,55.80482650,37.43512018,147.95
9062.93,55.80482803,37.43513590,147.94
9063.94,55.80482954,37.43515162,147.94
9064.94,55.80483103,37.43516734,147.93
9065.94,55.80483250,37.43518307,147.93
9066.94,55.80483396,37.43519881,147.93
9067.94,55.80483540,37.43521455,147.92
9068.94,55.80483683,37.43523030,147.92
9069.95,55.80483823,37.43524605,147.91
9070.95,55.80483961,37.43526180,147.91
9071.95,55.80484096,37.43527757,147.91
9072.95,55.80484227,37.43529335,147.90
9073.95,55.80484354,37.43530913,147.90
9074.95,55.80484478,37.43532493,147.90
9075.95,55.80484600,37.43534073,147.90
9076.96,55.80484719,37.43535653,147.89
9077.96,55.80484836,37.43537234,147.89
9078.96,55.80484953,37.43538815,147.89
9079.96,55.80485070,37.43540397,147.89
9080.96,55.80485187,37.43541978,147.89
9081.96,55.80485304,37.43543559,147.89
9082.97,55.80485420,37.43545140,147.89
9083.97,55.80485535,37.43546722,147.89
9084.97,55.80485647,37.43548304,147.89
9085.97,55.80485758,37.43549886,147.88
9086.97,55.80485866,37.43551469,147.88
9087.97,55.80485971,37.43553053,147.88
9088.98,55.80486075,37.43554637,147.88
9089.98,55.80486178,37.43556221,147.88
9090.98,55.80486281,37.43557805,147.88
9091.98,55.80486382,37.43559390,147.87
9092.98,55.80486484,37.43560974,147.87
9093.98,55.80486584,37.43562559,147.87
9094.98,55.80486682,37.43564144,147.87
9095.99,55.80486777,37.43565730,147.87
9096.99,55.80486869,37.43567316,147.87
9097.99,55.80486957,37.43568903,147.87
9098.99,55.80487042,37.43570491,147.87
9099.98,55.80487123,37.43572079,147.87
9100.98,55.80487201,37.43573668,147.87
9101.98,55.80487279,37.43575256,147.87
9102.98,55.80487357,37.43576845,147.87
9103.98,55.80487435,37.43578434,147.87
9104.98,55.80487514,37.43580022,147.86
9105.98,55.80487594,37.43581611,147.86
9106.98,55.80487673,37.43583199,147.86
9107.98,55.80487751,37.43584788,147.86
9108.97,55.80487825,37.43586377,147.86
9109.97,55.80487896,37.43587967,147.86
9110.97,55.80487963,37.43589557,147.86
9111.97,55.80488026,37.43591148,147.86
9112.97,55.80488087,37.43592739,147.86
9113.97,55.80488147,37.43594330,147.86
9114.97,55.80488207,37.43595921,147.86
9115.97,55.80488270,37.43597512,147.85
9116.96,55.80488334,37.43599102,147.85
9117.96,55.80488400,37.43600693,147.85
9118.96,55.80488467,37.43602283,147.85
9119.96,55.80488532,37.43603873,147.85
9120.96,55.80488595,37.43605464,147.85
9121.96,55.80488654,37.43607055,147.85
9122.96,55.80488710,37.43608647,147.85
9123.96,55.80488763,37.43610239,147.86
9124.96,55.80488813,37.43611831,147.86
9125.95,55.80488863,37.43613423,147.86
9126.95,55.80488914,37.43615015,147.87
9127.95,55.80488968,37.43616607,147.87
9128.95,55.80489025,37.43618199,147.87
9129.95,55.80489084,37.43619790,147.88
9130.95,55.80489146,37.43621381,147.88
9131.95,55.80489209,37.43622972,147.89
9132.95,55.80489272,37.43624562,147.89
9133.95,55.80489334,37.43626153,147.90
9134.94,55.80489393,37.43627744,147.90
9135.94,55.80489449,37.43629336,147.91
9136.94,55.80489502,37.43630928,147.92
9137.94,55.80489553,37.43632520,147.92
9138.94,55.80489602,37.43634112,147.93
9139.94,55.80489650,37.43635705,147.94
9140.94,55.80489698,37.43637297,147.94
9141.94,55.80489747,37.43638889,147.95
9142.94,55.80489798,37.43640482,147.96
9143.94,55.80489849,37.43642074,147.97
9144.94,55.80489902,37.43643666,147.98
9145.94,55.80489955,37.43645258,147.98
9146.94,55.80490009,37.43646849,147.99
9147.94,55.80490063,37.43648441,148.00
9148.94,55.80490118,37.43650033,148.01
9149.94,55.80490175,37.43651624,148.02
9150.94,55.80490232,37.43653216,148.03
9151.94,55.80490290,37.43654807,148.04
9152.94,55.80490348,37.43656399,148.06
9153.94,55.80490407,37.43657990,148.07
9154.94,55.80490464,37.43659581,148.08
9155.94,55.80490521,37.43661173,148.10
9156.94,55.80490577,37.43662764,148.11
9157.94,55.80490631,37.43664356,148.13
9158.94,55.80490684,37.43665948,148.15
9159.94,55.80490736,37.43667540,148.16
9160.94,55.80490787,37.43669132,148.18
9161.94,55.80490840,37.43670724,148.20
9162.94,55.80490893,37.43672316,148.22
9163.94,55.80490947,37.43673908,148.24
9164.94,55.80491002,37.43675499,148.26
9165.95,55.80491057,37.43677091,148.28
9166.95,55.80491111,37.43678683,148.30
9167.95,55.80491164,37.43680275,148.32
9168.95,55.80491215,37.43681867,148.34
9169.95,55.80491265,37.43683459,148.36
9170.95,55.80491314,37.43685051,148.38
9171.95,55.80491364,37.43686644,148.41
9172.95,55.80491414,37.43688236,148.43
9173.96,55.80491466,37.43689828,148.45
9174.96,55.80491521,37.43691420,148.47
9175.96,55.80491578,37.43693011,148.49
9176.96,55.80491637,37.43694602,148.52
9177.96,55.80491696,37.43696193,148.54
9178.96,55.80491755,37.43697785,148.56
9179.96,55.80491812,37.43699376,148.59
9180.96,55.80491867,37.43700968,148.61
9181.97,55.80491919,37.43702560,148.63
9182.97,55.80491968,37.43704152,148.66
9183.97,55.80492015,37.43705745,148.68
9184.97,55.80492060,37.43707337,148.71
9185.97,55.80492106,37.43708930,148.73
9186.97,55.80492153,37.43710523,148.76
9187.97,55.80492202,37.43712115,148.78
9188.97,55.80492253,37.43713707,148.81
9189.97,55.80492307,37.43715299,148.83
9190.98,55.80492363,37.43716890,148.86
9191.98,55.80492421,37.43718482,148.88
9192.98,55.80492480,37.43720073,148.91
9193.98,55.80492539,37.43721664,148.94
9194.98,55.80492597,37.43723255,148.97
9195.98,55.80492653,37.43724847,148.99
9196.98,55.80492707,37.43726439,149.02
9197.98,55.80492759,37.43728031,149.05
9198.98,55.80492810,37.43729623,149.08
9199.98,55.80492858,37.43731215,149.10
9200.99,55.80492906,37.43732808,149.13
9201.99,55.80492954,37.43734400,149.16
9202.99,55.80493003,37.43735992,149.19
9203.99,55.80493054,37.43737585,149.22
9204.99,55.80493106,37.43739177,149.25
9205.99,55.80493159,37.43740768,149.28
9206.99,55.80493213,37.43742360,149.31
9207.99,55.80493267,37.43743952,149.34
9208.99,55.80493322,37.43745544,149.37
9209.99,55.80493375,37.43747136,149.40
9210.99,55.80493427,37.43748728,149.43
9211.99,55.80493479,37.43750320,149.46
9212.99,55.80493531,37.43751912,149.49
9213.99,55.80493582,37.43753504,149.52
9214.99,55.80493634,37.43755096,149.56
9215.99,55.80493687,37.43756688,149.59
9216.99,55.80493741,37.43758279,149.62
9217.99,55.80493796,37.43759871,149.65
9218.99,55.80493852,37.43761463,149.69
9219.99,55.80493908,37.43763054,149.72
9220.99,55.80493964,37.43764646,149.75
9221.99,55.80494019,37.43766238,149.79
9222.99,55.80494074,37.43767829,149.82
9223.99,55.80494127,37.43769421,149.85
9224.99,55.80494179,37.43771013,149.88
9225.99,55.80494229,37.43772605,149.92
9226.99,55.80494279,37.43774198,149.95
9227.99,55.80494329,37.43775790,149.98
9228.99,55.80494380,37.43777382,150.01
9229.99,55.80494431,37.43778974,150.04
9230.99,55.80494484,37.43780566,150.08
9231.99,55.80494537,37.43782158,150.11
9232.99,55.80494591,37.43783750,150.14
9233.99,55.80494646,37.43785341,150.17
9234.99,55.80494701,37.43786933,150.20
9235.99,55.80494757,37.43788525,150.23
9236.99,55.80494814,37.43790116,150.26
9237.99,55.80494872,37.43791707,150.29
9238.99,55.80494932,37.43793298,150.32
9239.99,55.80494993,37.43794890,150.35
9240.99,55.80495055,37.43796480,150.38
9241.99,55.80495115,37.43798071,150.42
9242.99,55.80495174,37.43799663,150.45
9243.99,55.80495230,37.43801254,150.48
9244.99,55.80495283,37.43802846,150.51
9245.99,55.80495331,37.43804439,150.54
9246.98,55.80495377,37.43806031,150.57
9247.98,55.80495421,37.43807624,150.60
9248.98,55.80495465,37.43809217,150.64
9249.98,55.80495510,37.43810809,150.67
9250.98,55.80495558,37.43812402,150.70
9251.98,55.80495607,37.43813994,150.73
9252.98,55.80495660,37.43815586,150.77
9253.98,55.80495714,37.43817178,150.80
9254.98,55.80495769,37.43818769,150.83
9255.98,55.80495823,37.43820361,150.87
9256.98,55.80495877,37.43821953,150.90
9257.98,55.80495930,37.43823545,150.94
9258.98,55.80495982,37.43825137,150.97
9259.98,55.80496034,37.43826729,151.01
9260.98,55.80496086,37.43828321,151.04
9261.98,55.80496140,37.43829913,151.08
9262.98,55.80496195,37.43831504,151.11
9263.98,55.80496251,37.43833096,151.15
9264.98,55.80496307,37.43834688,151.18
9265.98,55.80496363,37.43836279,151.22
9266.98,55.80496417,37.43837871,151.25
9267.98,55.80496471,37.43839463,151.28
9268.98,55.80496523,37.43841055,151.31
9269.98,55.80496576,37.43842647,151.35
9270.98,55.80496628,37.43844239,151.38
9271.98,55.80496681,37.43845831,151.41
9272.98,55.80496736,37.43847422,151.45
9273.98,55.80496792,37.43849014,151.48
9274.98,55.80496849,37.43850605,151.52
9275.98,55.80496906,37.43852197,151.56
9276.98,55.80496960,37.43853789,151.59
9277.97,55.80497013,37.43855381,151.63
9278.96,55.80497063,37.43856973,151.66
9279.96,55.80497113,37.43858565,151.70
9280.95,55.80497161,37.43860157,151.73
9281.94,55.80497211,37.43861750,151.77
9282.94,55.80497262,37.43863342,151.80
9283.93,55.80497316,37.43864933,151.84
9284.92,55.80497373,37.43866525,151.87
9285.91,55.80497432,37.43868116,151.91
9286.91,55.80497493,37.43869707,151.95
9287.90,55.80497553,37.43871298,151.99
9288.89,55.80497613,37.43872889,152.02
9289.89,55.80497671,37.43874481,152.06
9290.88,55.80497726,37.43876072,152.10
9291.87,55.80497779,37.43877664,152.13
9292.87,55.80497829,37.43879256,152.17
9293.86,55.80497876,37.43880849,152.20
9294.85,55.80497922,37.43882442,152.24
9295.84,55.80497965,37.43884034,152.28
9296.84,55.80498008,37.43885627,152.31
9297.84,55.80498051,37.43887220,152.35
9298.84,55.80498094,37.43888813,152.39
9299.83,55.80498137,37.43890406,152.42
9300.83,55.80498182,37.43891999,152.46
9301.83,55.80498227,37.43893591,152.49
9302.83,55.80498273,37.43895184,152.53
9303.83,55.80498320,37.43896776,152.56
9304.83,55.80498368,37.43898369,152.60
9305.83,55.80498418,37.43899961,152.63
9306.83,55.80498468,37.43901553,152.66
9307.83,55.80498521,37.43903145,152.70
9308.83,55.80498575,37.43904737,152.73
9309.83,55.80498630,37.43906328,152.76
9310.82,55.80498688,37.43907920,152.80
9311.82,55.80498747,37.43909511,152.83
9312.82,55.80498806,37.43911102,152.86
9313.82,55.80498866,37.43912693,152.90
9314.82,55.80498924,37.43914285,152.93
9315.82,55.80498981,37.43915876,152.96
9316.82,55.80499036,37.43917468,153.00
9317.82,55.80499089,37.43919060,153.03
9318.82,55.80499142,37.43920652,153.06
9319.82,55.80499194,37.43922244,153.10
9320.82,55.80499246,37.43923836,153.13
9321.82,55.80499301,37.43925427,153.16
9322.81,55.80499358,37.43927019,153.20
9323.81,55.80499417,37.43928610,153.23
9324.81,55.80499477,37.43930201,153.26
9325.81,55.80499539,37.43931792,153.30
9326.81,55.80499600,37.43933383,153.33
9327.81,55.80499659,37.43934974,153.37
9328.81,55.80499717,37.43936566,153.40
9329.81,55.80499772,37.43938157,153.44
9330.81,55.80499824,37.43939749,153.47
9331.81,55.80499875,37.43941341,153.50
9332.81,55.80499924,37.43942934,153.54
9333.81,55.80499973,37.43944526,153.57
9334.80,55.80500021,37.43946118,153.60
9335.80,55.80500070,37.43947711,153.63
9336.80,55.80500119,37.43949303,153.67
9337.80,55.80500168,37.43950895,153.70
9338.80,55.80500218,37.43952488,153.73
9339.80,55.80500267,37.43954080,153.76
9340.80,55.80500316,37.43955672,153.79
9341.80,55.80500365,37.43957265,153.83
9342.80,55.80500414,37.43958857,153.86
9343.80,55.80500462,37.43960449,153.89
9344.80,55.80500509,37.43962042,153.92
9345.79,55.80500557,37.43963634,153.95
9346.79,55.80500604,37.43965227,153.98
9347.79,55.80500653,37.43966819,154.01
9348.79,55.80500702,37.43968411,154.04
9349.79,55.80500753,37.43970003,154.07
9350.79,55.80500806,37.43971595,154.10
9351.79,55.80500861,37.43973187,154.13
9352.79,55.80500917,37.43974779,154.17
9353.79,55.80500974,37.43976370,154.20
9354.79,55.80501032,37.43977961,154.23
9355.79,55.80501090,37.43979553,154.27
9356.79,55.80501148,37.43981144,154.30
9357.79,55.80501205,37.43982735,154.33
9358.79,55.80501262,37.43984327,154.36
9359.79,55.80501319,37.43985918,154.39
9360.79,55.80501377,37.43987510,154.43
9361.79,55.80501434,37.43989101,154.46
9362.79,55.80501491,37.43990693,154.49
9363.79,55.80501549,37.43992284,154.52
9364.79,55.80501605,37.43993876,154.55
9365.79,55.80501661,37.43995467,154.58
9366.79,55.80501716,37.43997059,154.62
9367.80,55.80501771,37.43998651,154.65
9368.80,55.80501825,37.44000242,154.69
9369.80,55.80501879,37.44001834,154.72
9370.80,55.80501932,37.44003426,154.76
9371.80,55.80501986,37.44005018,154.79
9372.80,55.80502040,37.44006610,154.83
9373.80,55.80502094,37.44008201,154.86
9374.80,55.80502149,37.44009793,154.89
9375.80,55.80502204,37.44011385,154.93
9376.80,55.80502259,37.44012977,154.96
9377.79,55.80502315,37.44014568,154.99
9378.78,55.80502372,37.44016160,155.03
9379.77,55.80502430,37.44017751,155.06
9380.76,55.80502488,37.44019342,155.10
9381.75,55.80502546,37.44020934,155.13
9382.74,55.80502604,37.44022525,155.17
9383.73,55.80502662,37.44024116,155.21
9384.72,55.80502719,37.44025708,155.24
9385.71,55.80502777,37.44027299,155.28
9386.70,55.80502835,37.44028891,155.32
9387.68,55.80502892,37.44030482,155.35
9388.67,55.80502951,37.44032073,155.39
9389.66,55.80503009,37.44033665,155.42
9390.65,55.80503068,37.44035256,155.46
9391.64,55.80503127,37.44036847,155.49
9392.63,55.80503186,37.44038438,155.53
9393.62,55.80503246,37.44040029,155.56
9394.61,55.80503305,37.44041621,155.60
9395.60,55.80503363,37.44043212,155.64
9396.59,55.80503421,37.44044803,155.67
9397.59,55.80503480,37.44046395,155.71
9398.59,55.80503539,37.44047986,155.75
9399.58,55.80503597,37.44049577,155.79
9400.58,55.80503656,37.44051168,155.82
9401.58,55.80503715,37.44052760,155.86
9402.58,55.80503775,37.44054351,155.90
9403.58,55.80503835,37.44055942,155.93
9404.58,55.80503894,37.44057533,155.97
9405.58,55.80503953,37.44059124,156.00
9406.58,55.80504012,37.44060716,156.04
9407.58,55.80504071,37.44062307,156.08
9408.58,55.80504130,37.44063898,156.11
9409.57,55.80504188,37.44065489,156.15
9410.57,55.80504246,37.44067081,156.19
9411.57,55.80504305,37.44068672,156.23
9412.57,55.80504363,37.44070263,156.26
9413.57,55.80504422,37.44071855,156.30
9414.57,55.80504482,37.44073446,156.34
9415.57,55.80504542,37.44075037,156.37
9416.57,55.80504602,37.44076628,156.41
9417.57,55.80504663,37.44078219,156.45
9418.56,55.80504725,37.44079810,156.48
9419.56,55.80504787,37.44081401,156.52
9420.56,55.80504850,37.44082992,156.56
9421.56,55.80504912,37.44084582,156.59
9422.56,55.80504974,37.44086173,156.63
9423.56,55.80505036,37.44087764,156.67
9424.56,55.80505097,37.44089355,156.71
9425.56,55.80505158,37.44090946,156.74
9426.56,55.80505218,37.44092537,156.78
9427.56,55.80505278,37.44094128,156.82
9428.55,55.80505338,37.44095719,156.86
9429.55,55.80505399,37.44097310,156.90
9430.55,55.80505460,37.44098901,156.93
9431.55,55.80505522,37.44100492,156.97
9432.55,55.80505584,37.44102083,157.01
9433.55,55.80505647,37.44103674,157.05
9434.55,55.80505709,37.44105265,157.09
9435.55,55.80505771,37.44106856,157.12
9436.55,55.80505833,37.44108447,157.16
9437.55,55.80505894,37.44110038,157.20
9438.55,55.80505956,37.44111628,157.23
9439.55,55.80506017,37.44113219,157.27
9440.55,55.80506079,37.44114810,157.31
9441.55,55.80506142,37.44116401,157.35
9442.55,55.80506204,37.44117992,157.38
9443.55,55.80506266,37.44119583,157.42
9444.55,55.80506327,37.44121174,157.46
9445.55,55.80506387,37.44122765,157.49
9446.55,55.80506447,37.44124356,157.53
9447.55,55.80506506,37.44125947,157.57
9448.55,55.80506564,37.44127539,157.60
9449.56,55.80506623,37.44129130,157.64
9450.56,55.80506683,37.44130721,157.68
9451.56,55.80506744,37.44132312,157.71
9452.56,55.80506806,37.44133903,157.75
9453.56,55.80506868,37.44135494,157.78
9454.56,55.80506931,37.44137084,157.82
9455.56,55.80506994,37.44138675,157.86
9456.56,55.80507056,37.44140266,157.89
9457.56,55.80507118,37.44141857,157.93
9458.56,55.80507180,37.44143448,157.97
9459.56,55.80507241,37.44145039,158.00
9460.56,55.80507302,37.44146630,158.04
9461.56,55.80507364,37.44148221,158.07
9462.56,55.80507426,37.44149812,158.11
9463.57,55.80507489,37.44151402,158.14
9464.57,55.80507552,37.44152993,158.18
9465.57,55.80507615,37.44154584,158.21
9466.57,55.80507678,37.44156175,158.25
9467.57,55.80507740,37.44157766,158.28
9468.57,55.80507802,37.44159356,158.32
9469.57,55.80507863,37.44160947,158.35
9470.57,55.80507924,37.44162538,158.39
9471.57,55.80507985,37.44164129,158.42
9472.57,55.80508045,37.44165721,158.46
9473.57,55.80508105,37.44167312,158.49
9474.57,55.80508165,37.44168903,158.53
9475.58,55.80508226,37.44170494,158.56
9476.58,55.80508287,37.44172085,158.59
9477.58,55.80508348,37.44173676,158.63
9478.58,55.80508409,37.44175267,158.66
9479.58,55.80508470,37.44176858,158.70
9480.58,55.80508531,37.44178449,158.73
9481.58,55.80508591,37.44180040,158.77
9482.58,55.80508651,37.44181631,158.80
9483.58,55.80508710,37.44183222,158.84
9484.58,55.80508770,37.44184813,158.87
9485.58,55.80508830,37.44186404,158.91
9486.58,55.80508890,37.44187996,158.94
9487.59,55.80508951,37.44189587,158.98
9488.59,55.80509012,37.44191178,159.02
9489.59,55.80509073,37.44192769,159.05
9490.59,55.80509134,37.44194360,159.09
9491.59,55.80509195,37.44195951,159.12
9492.59,55.80509256,37.44197542,159.16
9493.59,55.80509316,37.44199133,159.19
9494.59,55.80509377,37.44200724,159.23
9495.59,55.80509437,37.44202315,159.26
9496.59,55.80509497,37.44203906,159.30
9497.59,55.80509558,37.44205497,159.33
9498.60,55.80509618,37.44207088,159.37
9499.60,55.80509678,37.44208679,159.40
9500.60,55.80509739,37.44210270,159.44
9501.60,55.80509799,37.44211861,159.47
9502.61,55.80509859,37.44213452,159.51
9503.61,55.80509920,37.44215043,159.54
9504.61,55.80509980,37.44216635,159.58
9505.61,55.80510041,37.44218226,159.61
9506.61,55.80510102,37.44219817,159.65
9507.62,55.80510164,37.44221407,159.68
9508.62,55.80510226,37.44222998,159.72
9509.62,55.80510288,37.44224589,159.75
9510.62,55.80510350,37.44226180,159.78
9511.62,55.80510413,37.44227771,159.82
9512.63,55.80510475,37.44229362,159.85
9513.63,55.80510537,37.44230953,159.88
9514.63,55.80510599,37.44232543,159.92
9515.63,55.80510660,37.44234134,159.95
9516.64,55.80510722,37.44235725,159.98
9517.64,55.80510783,37.44237316,160.01
9518.64,55.80510845,37.44238907,160.04
9519.64,55.80510906,37.44240498,160.07
9520.64,55.80510968,37.44242089,160.10
9521.64,55.80511029,37.44243680,160.13
9522.64,55.80511090,37.44245271,160.16
9523.64,55.80511151,37.44246862,160.19
9524.64,55.80511212,37.44248453,160.22
9525.64,55.80511273,37.44250044,160.25
9526.64,55.80511333,37.44251635,160.28
9527.64,55.80511393,37.44253226,160.30
9528.64,55.80511454,37.44254817,160.33
9529.65,55.80511515,37.44256408,160.36
9530.65,55.80511577,37.44257999,160.39
9531.65,55.80511639,37.44259590,160.42
9532.65,55.80511701,37.44261181,160.44
9533.65,55.80511764,37.44262772,160.47
9534.65,55.80511827,37.44264362,160.50
9535.65,55.80511890,37.44265953,160.53
9536.65,55.80511953,37.44267544,160.56
9537.65,55.80512015,37.44269135,160.58
9538.64,55.80512076,37.44270726,160.61
9539.64,55.80512137,37.44272317,160.64
9540.64,55.80512198,37.44273908,160.66
9541.63,55.80512259,37.44275499,160.69
9542.63,55.80512320,37.44277090,160.72
9543.63,55.80512382,37.44278681,160.74
9544.62,55.80512444,37.44280272,160.77
9545.62,55.80512507,37.44281862,160.80
9546.62,55.80512571,37.44283453,160.82
9547.61,55.80512635,37.44285044,160.85
9548.61,55.80512698,37.44286634,160.87
9549.61,55.80512762,37.44288225,160.90
9550.60,55.80512824,37.44289816,160.93
9551.60,55.80512887,37.44291407,160.95
9552.60,55.80512948,37.44292998,160.98
9553.59,55.80513009,37.44294589,161.00
9554.59,55.80513069,37.44296180,161.03
9555.59,55.80513130,37.44297771,161.06
9556.58,55.80513191,37.44299362,161.08
9557.58,55.80513251,37.44300953,161.11
9558.58,55.80513312,37.44302544,161.13
9559.57,55.80513373,37.44304135,161.16
9560.57,55.80513434,37.44305726,161.18
9561.56,55.80513495,37.44307317,161.21
9562.56,55.80513556,37.44308908,161.24
9563.55,55.80513617,37.44310499,161.26
9564.55,55.80513677,37.44312090,161.29
9565.54,55.80513738,37.44313681,161.32
9566.54,55.80513799,37.44315272,161.34
9567.53,55.80513859,37.44316863,161.37
9568.53,55.80513919,37.44318454,161.39
9569.52,55.80513980,37.44320045,161.42
9570.52,55.80514040,37.44321636,161.44
9571.51,55.80514101,37.44323227,161.47
9572.51,55.80514162,37.44324818,161.49
9573.50,55.80514224,37.44326409,161.52
9574.50,55.80514286,37.44328000,161.54
9575.49,55.80514349,37.44329591,161.56
9576.49,55.80514412,37.44331182,161.59
9577.49,55.80514475,37.44332772,161.61
9578.48,55.80514538,37.44334363,161.63
9579.48,55.80514600,37.44335954,161.65
9580.47,55.80514661,37.44337545,161.67
9581.47,55.80514721,37.44339136,161.70
9582.46,55.80514780,37.44340727,161.72
9583.46,55.80514839,37.44342319,161.74
9584.45,55.80514897,37.44343910,161.76
9585.45,55.80514955,37.44345501,161.78
9586.44,55.80515014,37.44347093,161.80
9587.44,55.80515073,37.44348684,161.82
9588.43,55.80515133,37.44350275,161.84
9589.43,55.80515194,37.44351866,161.85
9590.42,55.80515254,37.44353457,161.87
9591.42,55.80515315,37.44355048,161.89
9592.41,55.80515376,37.44356639,161.91
9593.41,55.80515436,37.44358230,161.93
9594.40,55.80515497,37.44359821,161.95
9595.40,55.80515558,37.44361412,161.97
9596.40,55.80515618,37.44363003,161.99
9597.39,55.80515679,37.44364594,162.01
9598.39,55.80515740,37.44366185,162.03
9599.39,55.80515802,37.44367776,162.04
9600.38,55.80515864,37.44369367,162.06
9601.38,55.80515927,37.44370958,162.08
9602.38,55.80515990,37.44372549,162.10
9603.37,55.80516053,37.44374139,162.12
9604.37,55.80516117,37.44375730,162.13
9605.37,55.80516180,37.44377321,162.14
9606.36,55.80516244,37.44378912,162.15
9607.36,55.80516308,37.44380502,162.15
9608.36,55.80516371,37.44382093,162.16
9609.35,55.80516434,37.44383684,162.17
9610.35,55.80516498,37.44385274,162.17
9611.35,55.80516560,37.44386865,162.18
9612.34,55.80516622,37.44388456,162.18
9613.34,55.80516684,37.44390047,162.19
9614.34,55.80516744,37.44391638,162.19
9615.33,55.80516805,37.44393229,162.19
9616.33,55.80516865,37.44394820,162.20
9617.33,55.80516925,37.44396411,162.20
9618.32,55.80516986,37.44398002,162.20
9619.32,55.80517047,37.44399593,162.21
9620.32,55.80517109,37.44401184,162.23
9621.31,55.80517171,37.44402775,162.24
9622.31,55.80517233,37.44404366,162.26
9623.31,55.80517295,37.44405957,162.28
9624.30,55.80517356,37.44407548,162.30
9625.30,55.80517417,37.44409139,162.32
9626.30,55.80517477,37.44410730,162.34
9627.29,55.80517537,37.44412321,162.37
9628.29,55.80517598,37.44413912,162.39
9629.29,55.80517659,37.44415503,162.42
9630.28,55.80517720,37.44417094,162.45
9631.28,55.80517783,37.44418685,162.47
9632.28,55.80517846,37.44420276,162.50
9633.27,55.80517910,37.44421866,162.53
9634.27,55.80517973,37.44423457,162.55
9635.27,55.80518036,37.44425048,162.58
9636.27,55.80518098,37.44426639,162.60
9637.26,55.80518160,37.44428230,162.63
9638.26,55.80518220,37.44429821,162.65
9639.26,55.80518280,37.44431412,162.67
9640.25,55.80518340,37.44433003,162.69
9641.25,55.80518400,37.44434594,162.70
9642.25,55.80518459,37.44436185,162.71
9643.24,55.80518519,37.44437777,162.72
9644.24,55.80518579,37.44439368,162.73
9645.24,55.80518640,37.44440959,162.73
9646.23,55.80518700,37.44442550,162.74
9647.23,55.80518761,37.44444141,162.75
9648.23,55.80518823,37.44445732,162.75
9649.22,55.80518885,37.44447323,162.76
9650.22,55.80518948,37.44448913,162.76
9651.22,55.80519011,37.44450504,162.77
9652.21,55.80519075,37.44452095,162.77
9653.21,55.80519138,37.44453686,162.77
9654.21,55.80519201,37.44455276,162.78
9655.20,55.80519264,37.44456867,162.78
9656.20,55.80519325,37.44458458,162.78
9657.20,55.80519386,37.44460049,162.79
9658.20,55.80519446,37.44461640,162.79
9659.20,55.80519506,37.44463231,162.79
9660.20,55.80519565,37.44464823,162.80
9661.20,55.80519624,37.44466414,162.80
9662.20,55.80519683,37.44468005,162.80
9663.20,55.80519742,37.44469596,162.81
9664.20,55.80519801,37.44471188,162.81
9665.20,55.80519861,37.44472779,162.82
9666.20,55.80519921,37.44474370,162.82
9667.20,55.80519981,37.44475961,162.83
9668.20,55.80520041,37.44477552,162.83
9669.20,55.80520102,37.44479143,162.84
9670.20,55.80520163,37.44480734,162.84
9671.20,55.80520224,37.44482325,162.85
9672.20,55.80520285,37.44483916,162.86
9673.20,55.80520346,37.44485507,162.87
9674.20,55.80520407,37.44487098,162.88
9675.20,55.80520468,37.44488689,162.89
9676.20,55.80520529,37.44490280,162.90
9677.20,55.80520589,37.44491871,162.92
9678.20,55.80520650,37.44493463,162.93
9679.20,55.80520710,37.44495054,162.94
9680.20,55.80520771,37.44496645,162.96
9681.20,55.80520832,37.44498236,162.97
9682.20,55.80520894,37.44499827,162.99
9683.20,55.80520955,37.44501418,163.01
9684.20,55.80521017,37.44503008,163.03
9685.20,55.80521079,37.44504599,163.04
9686.20,55.80521141,37.44506190,163.06
9687.20,55.80521203,37.44507781,163.08
9688.20,55.80521265,37.44509372,163.10
9689.20,55.80521327,37.44510963,163.12
9690.20,55.80521388,37.44512554,163.14
9691.20,55.80521449,37.44514145,163.16
9692.20,55.80521510,37.44515736,163.18
9693.20,55.80521570,37.44517327,163.20
9694.20,55.80521630,37.44518918,163.22
9695.20,55.80521691,37.44520509,163.23
9696.20,55.80521751,37.44522100,163.25
9697.20,55.80521812,37.44523691,163.27
9698.20,55.80521873,37.44525282,163.29
9699.19,55.80521935,37.44526873,163.31
9700.19,55.80521997,37.44528464,163.33
9701.19,55.80522060,37.44530055,163.34
9702.19,55.80522123,37.44531646,163.36
9703.19,55.80522185,37.44533236,163.37
9704.19,55.80522247,37.44534827,163.39
9705.19,55.80522309,37.44536418,163.40
9706.19,55.80522370,37.44538009,163.41
9707.19,55.80522432,37.44539600,163.42
9708.19,55.80522493,37.44541191,163.44
9709.19,55.80522554,37.44542782,163.45
9710.19,55.80522616,37.44544373,163.46
9711.19,55.80522678,37.44545964,163.47
9712.19,55.80522740,37.44547555,163.48
9713.19,55.80522802,37.44549146,163.49
9714.19,55.80522863,37.44550737,163.49
9715.19,55.80522924,37.44552328,163.50
9716.19,55.80522984,37.44553919,163.51
9717.19,55.80523044,37.44555510,163.52
9718.18,55.80523103,37.44557101,163.53
9719.18,55.80523163,37.44558692,163.53
9720.17,55.80523222,37.44560284,163.54
9721.17,55.80523281,37.44561875,163.55
9722.16,55.80523341,37.44563466,163.55
9723.16,55.80523401,37.44565057,163.56
9724.15,55.80523461,37.44566648,163.57
9725.15,55.80523521,37.44568239,163.58
9726.14,55.80523582,37.44569830,163.58
9727.14,55.80523642,37.44571422,163.59
9728.13,55.80523704,37.44573013,163.60
9729.13,55.80523765,37.44574603,163.61
9730.13,55.80523826,37.44576194,163.61
9731.12,55.80523888,37.44577785,163.62
9732.12,55.80523949,37.44579376,163.63
9733.11,55.80524011,37.44580967,163.64
9734.11,55.80524071,37.44582558,163.65
9735.10,55.80524131,37.44584150,163.66
9736.10,55.80524191,37.44585741,163.66
9737.09,55.80524251,37.44587332,163.67
9738.09,55.80524310,37.44588923,163.68
9739.08,55.80524371,37.44590514,163.69
9740.08,55.80524431,37.44592105,163.70
9741.07,55.80524493,37.44593696,163.71
9742.07,55.80524555,37.44595287,163.71
9743.06,55.80524618,37.44596878,163.72
9744.06,55.80524681,37.44598469,163.73
9745.05,55.80524744,37.44600059,163.74
9746.05,55.80524806,37.44601650,163.75
9747.04,55.80524868,37.44603241,163.76
9748.04,55.80524929,37.44604832,163.76
9749.03,55.80524991,37.44606423,163.77
9750.03,55.80525052,37.44608014,163.78
9751.02,55.80525114,37.44609605,163.79
9752.02,55.80525176,37.44611196,163.80
9753.01,55.80525238,37.44612787,163.80
9754.01,55.80525301,37.44614377,163.81
9755.01,55.80525364,37.44615968,163.82
9756.00,55.80525427,37.44617559,163.83
9757.00,55.80525490,37.44619150,163.83
9758.00,55.80525551,37.44620741,163.84
9759.00,55.80525613,37.44622332,163.85
9760.00,55.80525674,37.44623923,163.86
9761.00,55.80525734,37.44625514,163.87
9762.00,55.80525795,37.44627105,163.87
9763.00,55.80525857,37.44628696,163.88
9764.00,55.80525919,37.44630287,163.89
9765.00,55.80525982,37.44631877,163.90
9766.00,55.80526046,37.44633468,163.90
9767.00,55.80526109,37.44635059,163.91
9768.00,55.80526173,37.44636649,163.92
9769.00,55.80526236,37.44638240,163.93
9770.00,55.80526299,37.44639831,163.93
9771.00,55.80526361,37.44641422,163.94
9772.00,55.80526423,37.44643013,163.95
9773.00,55.80526484,37.44644604,163.95
9774.00,55.80526543,37.44646195,163.96
9775.00,55.80526603,37.44647786,163.96
9776.00,55.80526662,37.44649377,163.97
9777.00,55.80526720,37.44650969,163.98
9778.01,55.80526778,37.44652560,163.98
9779.01,55.80526836,37.44654151,163.99
9780.01,55.80526895,37.44655743,164.00
9781.01,55.80526954,37.44657334,164.00
9782.02,55.80527014,37.44658925,164.01
9783.02,55.80527075,37.44660516,164.02
9784.02,55.80527136,37.44662107,164.02
9785.02,55.80527198,37.44663698,164.03
9786.03,55.80527259,37.44665289,164.04
9787.03,55.80527320,37.44666880,164.04
9788.03,55.80527381,37.44668471,164.05
9789.03,55.80527442,37.44670062,164.06
9790.04,55.80527502,37.44671653,164.06
9791.04,55.80527562,37.44673244,164.07
9792.04,55.80527623,37.44674835,164.08
9793.04,55.80527684,37.44676426,164.09
9794.05,55.80527745,37.44678017,164.10
9795.05,55.80527807,37.44679608,164.11
9796.05,55.80527869,37.44681199,164.11
9797.05,55.80527931,37.44682790,164.12
9798.06,55.80527993,37.44684381,164.13
9799.06,55.80528054,37.44685972,164.14
9800.06,55.80528114,37.44687563,164.15
9801.06,55.80528174,37.44689154,164.16
9802.07,55.80528232,37.44690746,164.17
9803.07,55.80528290,37.44692337,164.18
9804.07,55.80528348,37.44693928,164.19
9805.07,55.80528407,37.44695520,164.20
9806.07,55.80528466,37.44697111,164.20
9807.08,55.80528526,37.44698702,164.21
9808.08,55.80528588,37.44700293,164.22
9809.08,55.80528651,37.44701884,164.23
9810.08,55.80528715,37.44703474,164.24
9811.09,55.80528779,37.44705065,164.25
9812.09,55.80528843,37.44706656,164.25
9813.09,55.80528907,37.44708246,164.26
9814.09,55.80528971,37.44709837,164.27
9815.10,55.80529033,37.44711428,164.28
9816.10,55.80529094,37.44713019,164.28
9817.10,55.80529155,37.44714610,164.29
9818.10,55.80529214,37.44716201,164.30
9819.11,55.80529273,37.44717792,164.31
9820.11,55.80529332,37.44719384,164.31
9821.11,55.80529391,37.44720975,164.32
9822.11,55.80529451,37.44722566,164.33
9823.12,55.80529511,37.44724157,164.34
9824.12,55.80529572,37.44725748,164.34
9825.12,55.80529634,37.44727339,164.35
9826.12,55.80529697,37.44728930,164.36
9827.13,55.80529759,37.44730521,164.37
9828.13,55.80529821,37.44732112,164.37
9829.13,55.80529883,37.44733702,164.38
9830.13,55.80529945,37.44735293,164.39
9831.14,55.80530007,37.44736884,164.40
9832.14,55.80530070,37.44738475,164.41
9833.14,55.80530133,37.44740066,164.42
9834.14,55.80530196,37.44741657,164.43
9835.15,55.80530260,37.44743247,164.43
9836.15,55.80530323,37.44744838,164.44
9837.15,55.80530387,37.44746429,164.45
9838.15,55.80530450,37.44748019,164.46
9839.15,55.80530512,37.44749610,164.47
9840.15,55.80530574,37.44751201,164.48
9841.15,55.80530635,37.44752792,164.49
9842.15,55.80530696,37.44754383,164.50
9843.15,55.80530756,37.44755974,164.51
9844.15,55.80530816,37.44757565,164.52
9845.16,55.80530876,37.44759157,164.53
9846.16,55.80530936,37.44760748,164.54
9847.16,55.80530996,37.44762339,164.55
9848.16,55.80531056,37.44763930,164.56
9849.16,55.80531116,37.44765521,164.57
9850.16,55.80531176,37.44767112,164.58
9851.16,55.80531237,37.44768703,164.59
9852.16,55.80531297,37.44770294,164.59
9853.16,55.80531358,37.44771885,164.60
9854.16,55.80531418,37.44773477,164.61
9855.16,55.80531478,37.44775068,164.62
9856.16,55.80531538,37.44776659,164.63
9857.16,55.80531598,37.44778250,164.64
9858.16,55.80531659,37.44779841,164.65
9859.16,55.80531719,37.44781432,164.65
9860.16,55.80531781,37.44783023,164.66
9861.16,55.80531842,37.44784614,164.67
9862.16,55.80531904,37.44786205,164.68
9863.16,55.80531966,37.44787796,164.69
9864.16,55.80532028,37.44789387,164.69
9865.16,55.80532089,37.44790978,164.70
9866.16,55.80532151,37.44792569,164.71
9867.16,55.80532211,37.44794160,164.72
9868.16,55.80532272,37.44795751,164.72
9869.16,55.80532332,37.44797342,164.73
9870.16,55.80532391,37.44798933,164.74
9871.16,55.80532451,37.44800524,164.75
9872.16,55.80532510,37.44802116,164.75
9873.15,55.80532569,37.44803707,164.76
9874.15,55.80532628,37.44805298,164.77
9875.15,55.80532687,37.44806889,164.78
9876.15,55.80532747,37.44808480,164.78
9877.15,55.80532807,37.44810072,164.79
9878.15,55.80532868,37.44811663,164.80
9879.15,55.80532930,37.44813254,164.81
9880.15,55.80532992,37.44814844,164.82
9881.15,55.80533055,37.44816435,164.83
9882.15,55.80533117,37.44818026,164.84
9883.15,55.80533179,37.44819617,164.85
9884.15,55.80533241,37.44821208,164.86
9885.15,55.80533302,37.44822799,164.87
9886.15,55.80533363,37.44824390,164.88
9887.15,55.80533423,37.44825981,164.89
9888.15,55.80533483,37.44827572,164.90
9889.15,55.80533543,37.44829163,164.91
9890.15,55.80533604,37.44830754,164.92
9891.14,55.80533665,37.44832345,164.93
9892.14,55.80533727,37.44833936,164.94
9893.14,55.80533789,37.44835527,164.96
9894.14,55.80533850,37.44837118,164.97
9895.14,55.80533911,37.44838709,164.98
9896.14,55.80533972,37.44840300,164.99
9897.14,55.80534032,37.44841891,165.01
9898.15,55.80534092,37.44843482,165.02
9899.15,55.80534152,37.44845074,165.03
9900.15,55.80534211,37.44846665,165.05
9901.16,55.80534271,37.44848256,165.06
9902.16,55.80534332,37.44849847,165.07
9903.16,55.80534393,37.44851438,165.09
9904.16,55.80534454,37.44853029,165.10
9905.17,55.80534516,37.44854620,165.12
9906.17,55.80534577,37.44856211,165.13
9907.17,55.80534639,37.44857802,165.15
9908.17,55.80534700,37.44859393,165.16
9909.18,55.80534761,37.44860984,165.17
9910.18,55.80534822,37.44862575,165.19
9911.18,55.80534883,37.44864166,165.20
9912.19,55.80534945,37.44865757,165.22
9913.19,55.80535006,37.44867348,165.23
9914.19,55.80535068,37.44868939,165.24
9915.19,55.80535129,37.44870530,165.26
9916.20,55.80535190,37.44872121,165.27
9917.20,55.80535251,37.44873712,165.29
9918.20,55.80535311,37.44875303,165.30
9919.21,55.80535371,37.44876894,165.31
9920.21,55.80535431,37.44878485,165.33
9921.21,55.80535491,37.44880076,165.34
9922.22,55.80535552,37.44881667,165.36
9923.22,55.80535614,37.44883258,165.37
9924.22,55.80535676,37.44884849,165.38
9925.23,55.80535738,37.44886440,165.40
9926.23,55.80535801,37.44888031,165.41
9927.23,55.80535865,37.44889621,165.42
9928.23,55.80535928,37.44891212,165.43
9929.24,55.80535990,37.44892803,165.45
9930.24,55.80536052,37.44894394,165.46
9931.24,55.80536113,37.44895985,165.47
9932.25,55.80536174,37.44897576,165.49
9933.25,55.80536235,37.44899167,165.50
9934.25,55.80536296,37.44900758,165.51
9935.26,55.80536357,37.44902349,165.52
9936.26,55.80536417,37.44903940,165.53
9937.26,55.80536477,37.44905531,165.54
9938.27,55.80536537,37.44907122,165.55
9939.27,55.80536596,37.44908714,165.56
9940.27,55.80536654,37.44910305,165.57
9941.28,55.80536711,37.44911896,165.58
9942.28,55.80536768,37.44913488,165.59
9943.28,55.80536825,37.44915079,165.59
9944.29,55.80536883,37.44916671,165.60
9945.29,55.80536941,37.44918262,165.61
9946.29,55.80537001,37.44919853,165.62
9947.30,55.80537062,37.44921444,165.62
9948.30,55.80537124,37.44923035,165.63
9949.30,55.80537186,37.44924626,165.64
9950.31,55.80537249,37.44926217,165.64
9951.31,55.80537312,37.44927808,165.65
9952.31,55.80537375,37.44929398,165.65
9953.32,55.80537439,37.44930989,165.66
9954.32,55.80537502,37.44932580,165.66
9955.32,55.80537566,37.44934170,165.67
9956.33,55.80537631,37.44935761,165.67
9957.33,55.80537696,37.44937352,165.68
9958.33,55.80537761,37.44938942,165.68
9959.33,55.80537826,37.44940533,165.69
9960.34,55.80537890,37.44942123,165.69
9961.34,55.80537953,37.44943714,165.70
9962.34,55.80538014,37.44945305,165.71
9963.35,55.80538075,37.44946896,165.71
9964.35,55.80538134,37.44948487,165.72
9965.35,55.80538193,37.44950079,165.72
9966.35,55.80538252,37.44951670,165.73
9967.36,55.80538311,37.44953261,165.74
9968.36,55.80538371,37.44954852,165.75
9969.36,55.80538433,37.44956443,165.75
9970.37,55.80538496,37.44958034,165.76
9971.37,55.80538561,37.44959624,165.77
9972.37,55.80538627,37.44961215,165.77
9973.37,55.80538695,37.44962805,165.78
9974.38,55.80538763,37.44964395,165.79
9975.38,55.80538832,37.44965985,165.80
9976.38,55.80538901,37.44967575,165.80
9977.39,55.80538969,37.44969165,165.81
9978.39,55.80539036,37.44970755,165.82
9979.39,55.80539102,37.44972346,165.83
9980.39,55.80539167,37.44973936,165.83
9981.39,55.80539232,37.44975527,165.84
9982.39,55.80539296,37.44977117,165.85
9983.39,55.80539361,37.44978708,165.85
9984.40,55.80539425,37.44980299,165.86
9985.40,55.80539489,37.44981889,165.87
9986.40,55.80539553,37.44983480,165.87
9987.40,55.80539617,37.44985071,165.88
9988.40,55.80539680,37.44986661,165.88
9989.40,55.80539743,37.44988252,165.89
9990.40,55.80539805,37.44989843,165.89
9991.41,55.80539867,37.44991434,165.90
9992.41,55.80539929,37.44993025,165.90
9993.41,55.80539990,37.44994616,165.91
9994.41,55.80540052,37.44996207,165.91
9995.41,55.80540114,37.44997798,165.92
9996.41,55.80540176,37.44999388,165.92
9997.41,55.80540239,37.45000979,165.93
9998.42,55.80540303,37.45002570,165.93
9999.42,55.80540367,37.45004161,165.93
10000.42,55.80540431,37.45005751,165.94
10001.42,55.80540496,37.45007342,165.94
10002.42,55.80540561,37.45008932,165.94
10003.42,55.80540626,37.45010523,165.95
10004.43,55.80540691,37.45012113,165.95
10005.43,55.80540756,37.45013704,165.95
10006.43,55.80540820,37.45015295,165.95
10007.43,55.80540883,37.45016885,165.95
10008.43,55.80540946,37.45018476,165.95
10009.43,55.80541009,37.45020067,165.95
10010.43,55.80541072,37.45021658,165.95
10011.44,55.80541136,37.45023248,165.95
10012.44,55.80541201,37.45024839,165.94
10013.44,55.80541267,37.45026429,165.94
10014.44,55.80541333,37.45028020,165.94
10015.44,55.80541400,37.45029610,165.94
10016.44,55.80541465,37.45031200,165.93
10017.44,55.80541530,37.45032791,165.93
10018.45,55.80541594,37.45034382,165.93
10019.45,55.80541656,37.45035972,165.92
10020.45,55.80541718,37.45037563,165.92
10021.45,55.80541780,37.45039154,165.92
10022.45,55.80541842,37.45040745,165.91
10023.45,55.80541904,37.45042336,165.91
10024.46,55.80541967,37.45043927,165.91
10025.46,55.80542030,37.45045518,165.91
10026.46,55.80542094,37.45047108,165.90
10027.46,55.80542158,37.45048699,165.90
10028.46,55.80542222,37.45050290,165.90
10029.46,55.80542287,37.45051880,165.90
10030.46,55.80542354,37.45053470,165.90
10031.47,55.80542422,37.45055061,165.90
10032.47,55.80542491,37.45056651,165.90
10033.47,55.80542560,37.45058240,165.90
10034.47,55.80542630,37.45059830,165.90
10035.47,55.80542700,37.45061420,165.90
10036.47,55.80542769,37.45063010,165.90
10037.47,55.80542837,37.45064600,165.90
10038.47,55.80542905,37.45066190,165.90
10039.46,55.80542972,37.45067781,165.90
10040.46,55.80543039,37.45069371,165.90
10041.46,55.80543105,37.45070961,165.90
10042.45,55.80543172,37.45072552,165.90
10043.45,55.80543238,37.45074142,165.90
10044.45,55.80543305,37.45075732,165.90
10045.44,55.80543372,37.45077323,165.90
10046.44,55.80543439,37.45078913,165.90
10047.44,55.80543506,37.45080503,165.90
10048.43,55.80543574,37.45082093,165.90
10049.43,55.80543640,37.45083684,165.90
10050.43,55.80543706,37.45085274,165.89
10051.42,55.80543769,37.45086865,165.89
10052.42,55.80543832,37.45088456,165.89
10053.42,55.80543893,37.45090047,165.90
10054.41,55.80543954,37.45091638,165.90
10055.41,55.80544014,37.45093229,165.90
10056.41,55.80544074,37.45094820,165.90
10057.40,55.80544134,37.45096411,165.90
10058.40,55.80544194,37.45098002,165.90
10059.40,55.80544256,37.45099593,165.91
10060.40,55.80544318,37.45101184,165.91
10061.39,55.80544381,37.45102775,165.91
10062.39,55.80544445,37.45104365,165.91
10063.39,55.80544510,37.45105956,165.91
10064.38,55.80544574,37.45107546,165.92
10065.38,55.80544640,37.45109137,165.92
10066.38,55.80544705,37.45110727,165.92
10067.37,55.80544770,37.45112318,165.93
10068.37,55.80544835,37.45113909,165.93
10069.37,55.80544900,37.45115499,165.94
10070.36,55.80544966,37.45117089,165.95
10071.36,55.80545031,37.45118680,165.95
10072.36,55.80545097,37.45120270,165.96
10073.35,55.80545162,37.45121861,165.97
10074.35,55.80545228,37.45123451,165.97
10075.35,55.80545294,37.45125042,165.98
10076.34,55.80545361,37.45126632,165.99
10077.34,55.80545430,37.45128222,166.00
10078.34,55.80545502,37.45129811,166.00
10079.33,55.80545577,37.45131401,166.01
10080.33,55.80545654,37.45132989,166.02
10081.33,55.80545734,37.45134578,166.03
10082.32,55.80545816,37.45136166,166.04
10083.32,55.80545898,37.45137754,166.04
10084.32,55.80545982,37.45139342,166.05
10085.32,55.80546065,37.45140929,166.06
10086.31,55.80546149,37.45142517,166.07
10087.31,55.80546232,37.45144105,166.07
10088.31,55.80546316,37.45145693,166.08
10089.30,55.80546400,37.45147280,166.09
10090.30,55.80546484,37.45148868,166.09
10091.30,55.80546569,37.45150456,166.10
10092.29,55.80546654,37.45152043,166.11
10093.29,55.80546739,37.45153631,166.11
10094.29,55.80546826,37.45155218,166.12
10095.28,55.80546913,37.45156805,166.12
10096.28,55.80547002,37.45158392,166.13
10097.28,55.80547093,37.45159979,166.13
10098.28,55.80547185,37.45161565,166.13
10099.27,55.80547279,37.45163151,166.14
10100.27,55.80547374,37.45164737,166.14
10101.27,55.80547470,37.45166322,166.14
10102.27,55.80547568,37.45167907,166.15
10103.26,55.80547667,37.45169492,166.15
10104.26,55.80547769,37.45171077,166.16
10105.26,55.80547872,37.45172661,166.16
10106.26,55.80547977,37.45174245,166.17
10107.25,55.80548084,37.45175828,166.17
10108.25,55.80548194,37.45177411,166.18
10109.25,55.80548304,37.45178993,166.18
10110.25,55.80548416,37.45180576,166.19
10111.24,55.80548530,37.45182158,166.19
10112.24,55.80548644,37.45183739,166.20
10113.24,55.80548758,37.45185321,166.20
10114.24,55.80548873,37.45186903,166.21
10115.23,55.80548987,37.45188485,166.21
10116.23,55.80549101,37.45190066,166.22
10117.23,55.80549215,37.45191648,166.22
10118.23,55.80549329,37.45193230,166.23
10119.22,55.80549444,37.45194812,166.23
10120.22,55.80549560,37.45196393,166.24
10121.22,55.80549678,37.45197974,166.24
10122.21,55.80549797,37.45199554,166.25
10123.21,55.80549918,37.45201135,166.25
10124.21,55.80550040,37.45202715,166.25
10125.20,55.80550163,37.45204294,166.26
10126.20,55.80550287,37.45205874,166.26
10127.20,55.80550413,37.45207453,166.27
10128.19,55.80550540,37.45209031,166.27
10129.19,55.80550668,37.45210610,166.28
10130.19,55.80550797,37.45212188,166.28
10131.19,55.80550926,37.45213766,166.29
10132.18,55.80551053,37.45215345,166.30
10133.18,55.80551178,37.45216924,166.30
10134.18,55.80551301,37.45218504,166.31
10135.17,55.80551421,37.45220084,166.31
10136.17,55.80551538,37.45221665,166.32
10137.17,55.80551652,37.45223247,166.33
10138.17,55.80551765,37.45224829,166.34
10139.16,55.80551877,37.45226411,166.35
10140.16,55.80551988,37.45227994,166.36
10141.16,55.80552099,37.45229576,166.36
10142.15,55.80552208,37.45231159,166.38
10143.15,55.80552318,37.45232742,166.39
10144.15,55.80552428,37.45234324,166.40
10145.15,55.80552538,37.45235907,166.41
10146.14,55.80552649,37.45237490,166.42
10147.14,55.80552760,37.45239072,166.44
10148.14,55.80552871,37.45240654,166.45
10149.14,55.80552984,37.45242237,166.46
10150.13,55.80553098,37.45243818,166.47
10151.13,55.80553213,37.45245400,166.49
10152.13,55.80553330,37.45246981,166.50
10153.13,55.80553449,37.45248562,166.52
10154.12,55.80553569,37.45250142,166.53
10155.12,55.80553690,37.45251722,166.54
10156.12,55.80553811,37.45253302,166.56
10157.12,55.80553933,37.45254882,166.57
10158.13,55.80554054,37.45256463,166.58
10159.13,55.80554174,37.45258043,166.60
10160.14,55.80554294,37.45259623,166.61
10161.14,55.80554413,37.45261204,166.62
10162.15,55.80554531,37.45262785,166.64
10163.15,55.80554649,37.45264366,166.65
10164.16,55.80554767,37.45265947,166.66
10165.16,55.80554884,37.45267528,166.67
10166.17,55.80555001,37.45269109,166.68
10167.17,55.80555117,37.45270690,166.70
10168.18,55.80555234,37.45272271,166.71
10169.18,55.80555351,37.45273853,166.72
10170.19,55.80555468,37.45275434,166.74
10171.19,55.80555586,37.45277014,166.75
10172.20,55.80555705,37.45278595,166.76
10173.20,55.80555825,37.45280175,166.78
10174.21,55.80555946,37.45281756,166.79
10175.21,55.80556069,37.45283335,166.80
10176.22,55.80556192,37.45284915,166.82
10177.22,55.80556315,37.45286495,166.83
10178.23,55.80556438,37.45288074,166.85
10179.23,55.80556561,37.45289654,166.86
10180.24,55.80556682,37.45291234,166.87
10181.24,55.80556804,37.45292814,166.89
10182.25,55.80556924,37.45294395,166.90
10183.25,55.80557043,37.45295975,166.92
10184.26,55.80557162,37.45297556,166.93
10185.26,55.80557281,37.45299136,166.95
10186.27,55.80557399,37.45300717,166.96
10187.27,55.80557516,37.45302298,166.98
10188.28,55.80557633,37.45303880,166.99
10189.28,55.80557749,37.45305461,167.01
10190.28,55.80557865,37.45307042,167.02
10191.29,55.80557982,37.45308623,167.04
10192.29,55.80558098,37.45310205,167.05
10193.30,55.80558216,37.45311786,167.07
10194.30,55.80558334,37.45313367,167.08
10195.31,55.80558453,37.45314947,167.10
10196.31,55.80558572,37.45316528,167.12
10197.31,55.80558692,37.45318108,167.13
10198.30,55.80558812,37.45319689,167.15
10199.30,55.80558932,37.45321269,167.16
10200.29,55.80559052,37.45322849,167.18
10201.29,55.80559172,37.45324430,167.20
10202.29,55.80559292,37.45326010,167.21
10203.28,55.80559412,37.45327591,167.23
10204.28,55.80559531,37.45329171,167.25
10205.27,55.80559650,37.45330752,167.26
10206.27,55.80559769,37.45332333,167.28
10207.26,55.80559887,37.45333914,167.30
10208.26,55.80560004,37.45335494,167.31
10209.25,55.80560122,37.45337075,167.33
10210.25,55.80560239,37.45338657,167.35
10211.24,55.80560357,37.45340238,167.36
10212.24,55.80560474,37.45341818,167.38
10213.23,55.80560592,37.45343399,167.40
10214.23,55.80560711,37.45344980,167.41
10215.22,55.80560830,37.45346561,167.43
10216.22,55.80560950,37.45348141,167.44
10217.21,55.80561071,37.45349721,167.46
10218.21,55.80561192,37.45351301,167.48
10219.20,55.80561314,37.45352881,167.49
10220.20,55.80561436,37.45354461,167.51
10221.19,55.80561557,37.45356041,167.53
10222.19,55.80561679,37.45357621,167.54
10223.19,55.80561799,37.45359202,167.56
10224.18,55.80561918,37.45360782,167.58
10225.18,55.80562036,37.45362363,167.59
10226.17,55.80562154,37.45363944,167.61
10227.17,55.80562271,37.45365525,167.63
10228.16,55.80562387,37.45367107,167.64
10229.16,55.80562502,37.45368688,167.66
10230.15,55.80562617,37.45370270,167.67
10231.15,55.80562732,37.45371851,167.69
10232.14,55.80562847,37.45373433,167.71
10233.14,55.80562961,37.45375015,167.72
10234.13,55.80563076,37.45376596,167.74
10235.13,55.80563191,37.45378178,167.75
10236.12,55.80563307,37.45379759,167.77
10237.11,55.80563424,37.45381340,167.79
10238.10,55.80563542,37.45382921,167.80
10239.09,55.80563661,37.45384502,167.82
10240.08,55.80563781,37.45386082,167.83
10241.07,55.80563902,37.45387663,167.85
10242.07,55.80564023,37.45389243,167.87
10243.06,55.80564144,37.45390823,167.88
10244.05,55.80564266,37.45392403,167.90
10245.04,55.80564387,37.45393983,167.91
10246.03,55.80564508,37.45395563,167.93
10247.02,55.80564629,37.45397143,167.94
10248.01,55.80564749,37.45398724,167.96
10249.00,55.80564868,37.45400304,167.98
10249.99,55.80564986,37.45401885,167.99
10250.98,55.80565104,37.45403466,168.01
10251.97,55.80565220,37.45405047,168.03
10252.96,55.80565336,37.45406629,168.04
10253.95,55.80565451,37.45408210,168.06
10254.94,55.80565566,37.45409792,168.08
10255.93,55.80565681,37.45411374,168.09
10256.92,55.80565796,37.45412955,168.11
10257.91,55.80565911,37.45414537,168.13
10258.90,55.80566028,37.45416118,168.14
10259.89,55.80566146,37.45417699,168.16
10260.88,55.80566266,37.45419279,168.18
10261.87,55.80566387,37.45420859,168.20
10262.86,55.80566509,37.45422439,168.21
10263.85,55.80566632,37.45424019,168.23
10264.84,55.80566755,37.45425599,168.25
10265.83,55.80566878,37.45427178,168.27
10266.82,55.80567000,37.45428758,168.29
10267.82,55.80567122,37.45430338,168.31
10268.81,55.80567242,37.45431918,168.33
10269.80,55.80567361,37.45433499,168.35
10270.79,55.80567480,37.45435080,168.38
10271.78,55.80567597,37.45436661,168.40
10272.77,55.80567713,37.45438242,168.42
10273.76,55.80567830,37.45439823,168.44
10274.75,55.80567946,37.45441405,168.46
10275.74,55.80568063,37.45442986,168.48
10276.73,55.80568181,37.45444567,168.51
10277.72,55.80568301,37.45446147,168.53
10278.71,55.80568422,37.45447727,168.55
10279.70,55.80568545,37.45449307,168.57
10280.69,55.80568670,37.45450886,168.60
10281.68,55.80568798,37.45452465,168.62
10282.67,55.80568926,37.45454043,168.64
10283.66,55.80569056,37.45455621,168.66
10284.65,55.80569186,37.45457199,168.69
10285.64,55.80569317,37.45458776,168.71
10286.63,55.80569448,37.45460354,168.73
10287.62,55.80569578,37.45461932,168.75
10288.61,55.80569709,37.45463510,168.78
10289.60,55.80569841,37.45465087,168.80
10290.59,55.80569974,37.45466664,168.82
10291.58,55.80570109,37.45468241,168.84
10292.57,55.80570247,37.45469817,168.86
10293.57,55.80570387,37.45471391,168.88
10294.56,55.80570532,37.45472966,168.91
10295.55,55.80570679,37.45474539,168.93
10296.53,55.80570829,37.45476111,168.95
10297.51,55.80570981,37.45477683,168.97
10298.49,55.80571135,37.45479254,168.99
10299.47,55.80571290,37.45480825,169.01
10300.45,55.80571445,37.45482395,169.03
10301.43,55.80571600,37.45483966,169.05
10302.41,55.80571756,37.45485537,169.07
10303.39,55.80571911,37.45487107,169.10
10304.37,55.80572068,37.45488678,169.12
10305.34,55.80572225,37.45490248,169.14
10306.32,55.80572384,37.45491817,169.16
10307.30,55.80572545,37.45493386,169.18
10308.28,55.80572708,37.45494954,169.20
10309.26,55.80572872,37.45496522,169.22
10310.24,55.80573037,37.45498090,169.24
10311.22,55.80573203,37.45499657,169.27
10312.20,55.80573369,37.45501224,169.29
10313.18,55.80573534,37.45502792,169.31
10314.16,55.80573698,37.45504360,169.33
10315.14,55.80573862,37.45505927,169.35
10316.14,55.80574025,37.45507496,169.37
10317.13,55.80574189,37.45509064,169.40
10318.12,55.80574354,37.45510631,169.42
10319.11,55.80574520,37.45512198,169.44
10320.10,55.80574689,37.45513765,169.46
10321.10,55.80574860,37.45515330,169.49
10322.09,55.80575033,37.45516895,169.51
10323.08,55.80575209,37.45518459,169.53
10324.07,55.80575387,37.45520022,169.55
10325.07,55.80575568,37.45521584,169.58
10326.06,55.80575751,37.45523145,169.60
10327.05,55.80575935,37.45524706,169.62
10328.04,55.80576121,37.45526266,169.65
10329.03,55.80576309,37.45527825,169.67
10330.03,55.80576500,37.45529384,169.70
10331.02,55.80576692,37.45530942,169.72
10332.01,55.80576887,37.45532498,169.74
10333.00,55.80577085,37.45534054,169.77
10333.99,55.80577287,37.45535608,169.79
10334.99,55.80577492,37.45537160,169.81
10335.99,55.80577702,37.45538711,169.83
10336.98,55.80577916,37.45540259,169.86
10337.98,55.80578134,37.45541806,169.88
10338.98,55.80578357,37.45543351,169.90
10339.98,55.80578584,37.45544894,169.93
10340.98,55.80578815,37.45546435,169.95
10341.98,55.80579051,37.45547974,169.97
10342.98,55.80579290,37.45549511,169.99
10343.98,55.80579534,37.45551046,170.01
10344.98,55.80579782,37.45552578,170.03
10345.98,55.80580034,37.45554109,170.05
10346.98,55.80580292,37.45555637,170.07
10347.97,55.80580554,37.45557162,170.09
10348.97,55.80580821,37.45558685,170.12
10349.97,55.80581093,37.45560204,170.14
10350.97,55.80581369,37.45561722,170.16
10351.97,55.80581650,37.45563237,170.18
10352.97,55.80581933,37.45564750,170.20
10353.97,55.80582220,37.45566261,170.22
10354.97,55.80582509,37.45567771,170.24
10355.97,55.80582800,37.45569280,170.26
10356.97,55.80583093,37.45570787,170.28
10357.96,55.80583388,37.45572293,170.30
10358.96,55.80583686,37.45573797,170.32
10359.96,55.80583987,37.45575300,170.34
10360.96,55.80584292,37.45576800,170.36
10361.96,55.80584599,37.45578299,170.38
10362.96,55.80584910,37.45579795,170.40
10363.96,55.80585224,37.45581289,170.41
10364.96,55.80585541,37.45582781,170.43
10365.96,55.80585860,37.45584271,170.45
10366.96,55.80586182,37.45585761,170.46
10367.95,55.80586505,37.45587248,170.48
10368.95,55.80586831,37.45588734,170.49
10369.95,55.80587159,37.45590219,170.51
10370.95,55.80587490,37.45591702,170.52
10371.95,55.80587822,37.45593183,170.54
10372.95,55.80588156,37.45594663,170.55
10373.95,55.80588492,37.45596142,170.56
10374.95,55.80588828,37.45597621,170.57
10375.94,55.80589165,37.45599100,170.59
10376.94,55.80589501,37.45600578,170.60
10377.94,55.80589838,37.45602057,170.61
10378.93,55.80590174,37.45603536,170.62
10379.93,55.80590509,37.45605015,170.63
10380.92,55.80590844,37.45606495,170.65
10381.92,55.80591180,37.45607974,170.66
10382.92,55.80591517,37.45609452,170.67
10383.91,55.80591854,37.45610930,170.68
10384.91,55.80592192,37.45612408,170.69
10385.90,55.80592530,37.45613885,170.70
10386.90,55.80592870,37.45615361,170.71
10387.90,55.80593210,37.45616837,170.72
10388.89,55.80593550,37.45618313,170.74
10389.89,55.80593890,37.45619789,170.75
10390.89,55.80594231,37.45621264,170.76
10391.88,55.80594572,37.45622740,170.77
10392.88,55.80594913,37.45624215,170.78
10393.87,55.80595255,37.45625690,170.79
10394.87,55.80595598,37.45627163,170.80
10395.87,55.80595943,37.45628636,170.81
10396.86,55.80596289,37.45630108,170.82
10397.86,55.80596637,37.45631578,170.83
10398.85,55.80596987,37.45633046,170.84
10399.85,55.80597340,37.45634513,170.85
10400.85,55.80597696,37.45635977,170.86
10401.84,55.80598054,37.45637440,170.87
10402.84,55.80598415,37.45638899,170.87
10403.83,55.80598780,37.45640356,170.88
10404.83,55.80599149,37.45641810,170.89
10405.83,55.80599522,37.45643261,170.90
10406.82,55.80599898,37.45644709,170.90
10407.82,55.80600278,37.45646154,170.91
10408.81,55.80600661,37.45647597,170.92
10409.81,55.80601047,37.45649037,170.92
10410.81,55.80601436,37.45650474,170.93
10411.80,55.80601829,37.45651909,170.93
10412.80,55.80602223,37.45653341,170.94
10413.79,55.80602621,37.45654771,170.94
10414.79,55.80603021,37.45656198,170.95
10415.79,55.80603425,37.45657623,170.95
10416.78,55.80603831,37.45659045,170.95
10417.78,55.80604240,37.45660465,170.96
10418.78,55.80604651,37.45661883,170.96
10419.77,55.80605065,37.45663298,170.96
10420.77,55.80605481,37.45664712,170.97
10421.76,55.80605898,37.45666124,170.97
10422.76,55.80606317,37.45667535,170.97
10423.76,55.80606738,37.45668944,170.98
10424.75,55.80607160,37.45670352,170.98
10425.75,55.80607583,37.45671758,170.98
10426.74,55.80608008,37.45673162,170.99
10427.74,55.80608435,37.45674565,170.99
10428.74,55.80608864,37.45675967,171.00
10429.73,55.80609296,37.45677365,171.00
10430.73,55.80609731,37.45678760,171.01
10431.72,55.80610170,37.45680151,171.01
10432.72,55.80610614,37.45681538,171.02
10433.72,55.80611061,37.45682921,171.02
10434.71,55.80611512,37.45684299,171.03
10435.71,55.80611968,37.45685674,171.04
10436.72,55.80612427,37.45687044,171.04
10437.72,55.80612890,37.45688411,171.05
10438.72,55.80613354,37.45689776,171.06
10439.73,55.80613822,37.45691138,171.07
10440.73,55.80614291,37.45692497,171.07
10441.73,55.80614763,37.45693854,171.08
10442.73,55.80615238,37.45695208,171.09
10443.74,55.80615716,37.45696558,171.10
10444.74,55.80616197,37.45697905,171.11
10445.74,55.80616682,37.45699247,171.11
10446.74,55.80617171,37.45700585,171.12
10447.75,55.80617664,37.45701917,171.13
10448.75,55.80618162,37.45703245,171.14
10449.75,55.80618663,37.45704568,171.15
10450.75,55.80619168,37.45705887,171.15
10451.76,55.80619676,37.45707202,171.16
10452.76,55.80620187,37.45708513,171.17
10453.76,55.80620700,37.45709822,171.17
10454.76,55.80621215,37.45711129,171.18
10455.76,55.80621733,37.45712432,171.19
10456.75,55.80622252,37.45713734,171.20
10457.74,55.80622773,37.45715032,171.20
10458.74,55.80623296,37.45716329,171.21
10459.73,55.80623822,37.45717621,171.22
10460.72,55.80624351,37.45718910,171.23
10461.72,55.80624883,37.45720196,171.24
10462.71,55.80625417,37.45721478,171.24
10463.70,55.80625953,37.45722757,171.25
10464.70,55.80626491,37.45724034,171.26
10465.69,55.80627031,37.45725309,171.27
10466.68,55.80627572,37.45726582,171.27
10467.68,55.80628114,37.45727853,171.28
10468.67,55.80628657,37.45729123,171.28
10469.66,55.80629201,37.45730392,171.29
10470.66,55.80629747,37.45731659,171.29
10471.65,55.80630294,37.45732924,171.29
10472.64,55.80630842,37.45734186,171.30
10473.63,55.80631392,37.45735447,171.30
10474.63,55.80631944,37.45736705,171.31
10475.62,55.80632498,37.45737960,171.31
10476.62,55.80633055,37.45739211,171.32
10477.61,55.80633616,37.45740457,171.32
10478.61,55.80634180,37.45741698,171.32
10479.60,55.80634749,37.45742932,171.32
10480.60,55.80635322,37.45744160,171.33
10481.59,55.80635900,37.45745381,171.33
10482.59,55.80636483,37.45746594,171.33
10483.58,55.80637070,37.45747801,171.33
10484.58,55.80637661,37.45749002,171.34
10485.57,55.80638255,37.45750197,171.34
10486.57,55.80638852,37.45751388,171.34
10487.56,55.80639452,37.45752575,171.35
10488.56,55.80640054,37.45753759,171.36
10489.55,55.80640657,37.45754941,171.36
10490.55,55.80641261,37.45756120,171.37
10491.54,55.80641867,37.45757298,171.38
10492.54,55.80642474,37.45758474,171.39
10493.53,55.80643081,37.45759648,171.39
10494.53,55.80643691,37.45760820,171.40
10495.52,55.80644302,37.45761989,171.40
10496.52,55.80644915,37.45763153,171.41
10497.51,55.80645532,37.45764313,171.41
10498.51,55.80646152,37.45765466,171.42
10499.50,55.80646777,37.45766611,171.42
10500.50,55.80647406,37.45767750,171.43
10501.49,55.80648039,37.45768881,171.43
10502.49,55.80648676,37.45770005,171.44
10503.48,55.80649317,37.45771123,171.44
10504.48,55.80649961,37.45772235,171.44
10505.47,55.80650607,37.45773343,171.45
10506.47,55.80651256,37.45774445,171.45
10507.46,55.80651907,37.45775542,171.45
10508.46,55.80652563,37.45776633,171.45
10509.45,55.80653222,37.45777715,171.45
10510.45,55.80653885,37.45778791,171.45
10511.44,55.80654552,37.45779860,171.46
10512.44,55.80655221,37.45780924,171.46
10513.43,55.80655892,37.45781984,171.46
10514.43,55.80656564,37.45783042,171.46
10515.43,55.80657235,37.45784101,171.46
10516.42,55.80657906,37.45785163,171.46
10517.42,55.80658574,37.45786227,171.47
10518.42,55.80659242,37.45787294,171.47
10519.42,55.80659909,37.45788361,171.47
10520.42,55.80660577,37.45789427,171.47
10521.41,55.80661248,37.45790489,171.48
10522.41,55.80661921,37.45791545,171.48
10523.41,55.80662597,37.45792594,171.48
10524.41,55.80663277,37.45793636,171.48
10525.41,55.80663961,37.45794670,171.48
10526.40,55.80664648,37.45795697,171.49
10527.40,55.80665338,37.45796718,171.49
10528.40,55.80666031,37.45797733,171.49
10529.40,55.80666726,37.45798742,171.50
10530.40,55.80667424,37.45799746,171.50
10531.39,55.80668125,37.45800742,171.50
10532.39,55.80668830,37.45801730,171.51
10533.39,55.80669538,37.45802711,171.51
10534.39,55.80670250,37.45803684,171.51
10535.39,55.80670966,37.45804648,171.52
10536.39,55.80671684,37.45805604,171.52
10537.39,55.80672405,37.45806554,171.53
10538.39,55.80673129,37.45807499,171.53
10539.39,55.80673854,37.45808439,171.54
10540.39,55.80674582,37.45809375,171.54
10541.39,55.80675310,37.45810307,171.55
10542.39,55.80676040,37.45811237,171.56
10543.39,55.80676771,37.45812163,171.56
10544.39,55.80677503,37.45813087,171.57
10545.39,55.80678236,37.45814009,171.58
10546.39,55.80678970,37.45814930,171.58
10547.39,55.80679703,37.45815850,171.59
10548.39,55.80680437,37.45816769,171.60
10549.39,55.80681171,37.45817688,171.60
10550.39,55.80681906,37.45818606,171.61
10551.39,55.80682641,37.45819522,171.62
10552.39,55.80683377,37.45820435,171.62
10553.39,55.80684115,37.45821343,171.63
10554.39,55.80684856,37.45822246,171.63
10555.38,55.80685599,37.45823142,171.64
10556.38,55.80686344,37.45824031,171.64
10557.38,55.80687092,37.45824914,171.65
10558.38,55.80687842,37.45825792,171.65
10559.38,55.80688594,37.45826665,171.66
10560.37,55.80689346,37.45827537,171.66
10561.37,55.80690098,37.45828408,171.66
10562.37,55.80690850,37.45829280,171.67
10563.37,55.80691601,37.45830155,171.67
10564.36,55.80692351,37.45831033,171.67
10565.36,55.80693099,37.45831915,171.67
10566.36,55.80693846,37.45832800,171.68
10567.36,55.80694592,37.45833687,171.68
10568.36,55.80695338,37.45834577,171.68
10569.35,55.80696083,37.45835468,171.69
10570.35,55.80696827,37.45836360,171.69
10571.35,55.80697572,37.45837251,171.69
10572.35,55.80698317,37.45838141,171.70
10573.35,55.80699063,37.45839031,171.70
10574.34,55.80699809,37.45839919,171.70
10575.33,55.80700555,37.45840806,171.71
10576.32,55.80701302,37.45841692,171.71
10577.30,55.80702050,37.45842575,171.71
10578.29,55.80702798,37.45843457,171.72
10579.28,55.80703547,37.45844338,171.72
10580.27,55.80704296,37.45845216,171.72
10581.25,55.80705046,37.45846094,171.73
10582.24,55.80705796,37.45846972,171.73
10583.23,55.80706545,37.45847851,171.73
10584.21,55.80707294,37.45848732,171.74
10585.20,55.80708042,37.45849615,171.74
10586.19,55.80708788,37.45850502,171.74
10587.17,55.80709533,37.45851393,171.75
10588.16,55.80710276,37.45852288,171.75
10589.15,55.80711019,37.45853186,171.75
10590.14,55.80711760,37.45854086,171.75
10591.12,55.80712502,37.45854985,171.76
10592.11,55.80713244,37.45855884,171.76
10593.10,55.80713987,37.45856780,171.76
10594.08,55.80714731,37.45857672,171.76
10595.07,55.80715478,37.45858559,171.76
10596.05,55.80716226,37.45859440,171.76
10597.04,55.80716977,37.45860316,171.77
10598.02,55.80717729,37.45861188,171.77
10599.00,55.80718482,37.45862058,171.77
10599.99,55.80719235,37.45862926,171.77
10600.97,55.80719988,37.45863796,171.77
10601.96,55.80720740,37.45864668,171.77
10602.94,55.80721490,37.45865544,171.78
10603.92,55.80722240,37.45866423,171.78
10604.91,55.80722987,37.45867306,171.78
10605.89,55.80723734,37.45868192,171.78
10606.88,55.80724480,37.45869080,171.78
10607.86,55.80725227,37.45869968,171.79
10608.84,55.80725973,37.45870855,171.79
10609.83,55.80726720,37.45871741,171.79
10610.81,55.80727467,37.45872626,171.79
10611.80,55.80728214,37.45873510,171.80
10612.78,55.80728962,37.45874393,171.80
10613.76,55.80729710,37.45875277,171.80
10614.75,55.80730457,37.45876161,171.80
10615.73,55.80731204,37.45877047,171.81
10616.72,55.80731951,37.45877933,171.81
10617.70,55.80732697,37.45878820,171.81
10618.68,55.80733443,37.45879708,171.82
10619.67,55.80734189,37.45880595,171.82
10620.65,55.80734936,37.45881482,171.82
10621.64,55.80735683,37.45882369,171.83
10622.62,55.80736430,37.45883254,171.83
10623.60,55.80737177,37.45884137,171.83
10624.59,55.80737925,37.45885020,171.84
10625.57,55.80738674,37.45885902,171.84
10626.56,55.80739422,37.45886783,171.85
10627.54,55.80740171,37.45887665,171.85
10628.52,55.80740919,37.45888547,171.85
10629.51,55.80741667,37.45889429,171.86
10630.49,55.80742415,37.45890313,171.86
10631.48,55.80743162,37.45891198,171.87
10632.46,55.80743908,37.45892085,171.87
10633.44,55.80744654,37.45892973,171.87
10634.44,55.80745400,37.45893862,171.88
10635.43,55.80746145,37.45894752,171.88
10636.42,55.80746890,37.45895642,171.89
10637.41,55.80747636,37.45896533,171.89
10638.40,55.80748381,37.45897423,171.90
10639.40,55.80749126,37.45898312,171.90
10640.39,55.80749873,37.45899199,171.91
10641.38,55.80750620,37.45900084,171.91
10642.37,55.80751368,37.45900967,171.92
10643.36,55.80752116,37.45901849,171.92
10644.36,55.80752865,37.45902728,171.93
10645.35,55.80753615,37.45903607,171.93
10646.34,55.80754365,37.45904484,171.94
10647.33,55.80755115,37.45905361,171.94
10648.32,55.80755865,37.45906239,171.94
10649.32,55.80756615,37.45907117,171.95
10650.31,55.80757364,37.45907997,171.95
10651.30,55.80758113,37.45908877,171.95
10652.29,55.80758861,37.45909760,171.95
10653.28,55.80759608,37.45910645,171.95
10654.28,55.80760355,37.45911531,171.95
10655.28,55.80761101,37.45912418,171.95
10656.28,55.80761847,37.45913307,171.95
10657.28,55.80762592,37.45914197,171.94
10658.28,55.80763338,37.45915086,171.94
10659.27,55.80764084,37.45915974,171.94
10660.27,55.80764830,37.45916860,171.94
10661.27,55.80765578,37.45917744,171.93
10662.27,55.80766327,37.45918625,171.93
10663.27,55.80767076,37.45919503,171.92
10664.27,55.80767827,37.45920380,171.92
10665.26,55.80768577,37.45921256,171.91
10666.26,55.80769327,37.45922132,171.91
10667.26,55.80770077,37.45923011,171.90
10668.26,55.80770826,37.45923892,171.90
10669.26,55.80771573,37.45924776,171.89
10670.26,55.80772319,37.45925664,171.88
10671.25,55.80773064,37.45926555,171.88
10672.25,55.80773808,37.45927448,171.87
10673.25,55.80774552,37.45928341,171.87
10674.24,55.80775296,37.45929234,171.87
10675.24,55.80776041,37.45930126,171.86
10676.23,55.80776786,37.45931017,171.86
10677.22,55.80777532,37.45931905,171.85
10678.21,55.80778279,37.45932791,171.85
10679.20,55.80779026,37.45933675,171.84
10680.20,55.80779775,37.45934556,171.84
10681.19,55.80780524,37.45935437,171.84
10682.18,55.80781273,37.45936317,171.83
10683.17,55.80782021,37.45937198,171.83
10684.16,55.80782769,37.45938081,171.82
10685.16,55.80783516,37.45938966,171.82
10686.15,55.80784263,37.45939853,171.81
10687.14,55.80785008,37.45940743,171.81
10688.13,55.80785753,37.45941635,171.80
10689.12,55.80786497,37.45942527,171.80
10690.12,55.80787242,37.45943418,171.79
10691.11,55.80787987,37.45944308,171.79
10692.10,55.80788733,37.45945196,171.78
10693.09,55.80789480,37.45946082,171.78
10694.10,55.80790227,37.45946967,171.77
10695.10,55.80790975,37.45947850,171.76
10696.11,55.80791723,37.45948732,171.76
10697.11,55.80792472,37.45949614,171.75
10698.12,55.80793220,37.45950496,171.74
10699.12,55.80793968,37.45951378,171.74
10700.13,55.80794717,37.45952260,171.73
10701.13,55.80795464,37.45953143,171.72
10702.14,55.80796212,37.45954027,171.71
10703.14,55.80796960,37.45954911,171.71
10704.15,55.80797707,37.45955796,171.70
10705.15,55.80798454,37.45956682,171.69
10706.16,55.80799200,37.45957569,171.68
10707.16,55.80799946,37.45958456,171.67
10708.17,55.80800692,37.45959344,171.66
10709.17,55.80801439,37.45960231,171.66
10710.18,55.80802185,37.45961118,171.65
10711.19,55.80802932,37.45962004,171.64
10712.19,55.80803679,37.45962890,171.63
10713.20,55.80804426,37.45963774,171.62
10714.20,55.80805174,37.45964658,171.61
10715.21,55.80805921,37.45965542,171.59
10716.21,55.80806669,37.45966425,171.58
10717.22,55.80807417,37.45967309,171.57
10718.22,55.80808165,37.45968192,171.56
10719.23,55.80808913,37.45969074,171.55
10720.23,55.80809661,37.45969956,171.53
10721.24,55.80810410,37.45970838,171.52
10722.24,55.80811158,37.45971719,171.51
10723.25,55.80811907,37.45972600,171.50
10724.25,55.80812656,37.45973480,171.48
10725.26,55.80813405,37.45974361,171.47
10726.26,55.80814153,37.45975242,171.46
10727.27,55.80814901,37.45976125,171.44
10728.27,55.80815649,37.45977007,171.43
10729.28,55.80816397,37.45977891,171.42
10730.28,55.80817145,37.45978775,171.41
10731.29,55.80817892,37.45979659,171.39
10732.29,55.80818639,37.45980544,171.38
10733.30,55.80819387,37.45981429,171.37
10734.31,55.80820134,37.45982313,171.35
10735.31,55.80820882,37.45983197,171.34
10736.32,55.80821630,37.45984080,171.33
10737.32,55.80822378,37.45984962,171.31
10738.33,55.80823126,37.45985844,171.30
10739.33,55.80823875,37.45986725,171.29
10740.34,55.80824624,37.45987605,171.27
10741.35,55.80825373,37.45988485,171.26
10742.35,55.80826122,37.45989364,171.25
10743.36,55.80826872,37.45990243,171.23
10744.36,55.80827621,37.45991122,171.22
10745.37,55.80828370,37.45992001,171.20
10746.37,55.80829120,37.45992881,171.19
10747.38,55.80829868,37.45993762,171.18
10748.39,55.80830617,37.45994644,171.16
10749.39,55.80831365,37.45995527,171.15
10750.40,55.80832112,37.45996411,171.13
10751.40,55.80832859,37.45997296,171.12
10752.41,55.80833606,37.45998181,171.10
10753.41,55.80834353,37.45999066,171.09
10754.42,55.80835100,37.45999952,171.07
10755.43,55.80835847,37.46000837,171.06
10756.43,55.80836594,37.46001723,171.04
10757.44,55.80837341,37.46002608,171.03
10758.44,55.80838089,37.46003493,171.01
10759.45,55.80838836,37.46004378,170.99
10760.45,55.80839583,37.46005264,170.98
10761.46,55.80840329,37.46006150,170.96
10762.47,55.80841075,37.46007038,170.95
10763.47,55.80841821,37.46007927,170.93
10764.48,55.80842567,37.46008816,170.92
10765.48,55.80843312,37.46009706,170.90
10766.49,55.80844057,37.46010596,170.89
10767.49,55.80844803,37.46011484,170.87
10768.50,55.80845550,37.46012371,170.86
10769.51,55.80846297,37.46013256,170.84
10770.51,55.80847045,37.46014139,170.83
10771.52,55.80847793,37.46015020,170.81
10772.52,55.80848542,37.46015901,170.80
10773.53,55.80849291,37.46016782,170.79
10774.53,55.80850039,37.46017664,170.77
10775.52,55.80850787,37.46018547,170.76
10776.52,55.80851534,37.46019432,170.74
10777.52,55.80852281,37.46020318,170.73
10778.52,55.80853027,37.46021205,170.72
10779.52,55.80853773,37.46022094,170.71
10780.52,55.80854519,37.46022982,170.69
10781.52,55.80855265,37.46023871,170.68
10782.51,55.80856011,37.46024759,170.67
10783.51,55.80856757,37.46025647,170.66
10784.51,55.80857503,37.46026534,170.64
10785.51,55.80858250,37.46027420,170.63
10786.51,55.80858997,37.46028305,170.62
10787.51,55.80859744,37.46029190,170.61
10788.51,55.80860492,37.46030075,170.59
10789.50,55.80861238,37.46030961,170.58
10790.50,55.80861985,37.46031847,170.57
10791.50,55.80862732,37.46032734,170.55
10792.50,55.80863478,37.46033621,170.54
10793.50,55.80864224,37.46034510,170.52
10794.49,55.80864970,37.46035398,170.51
10795.48,55.80865716,37.46036286,170.49
10796.47,55.80866462,37.46037174,170.48
10797.47,55.80867209,37.46038060,170.46
10798.46,55.80867956,37.46038946,170.44
10799.45,55.80868703,37.46039830,170.43
10800.44,55.80869451,37.46040714,170.41
10801.43,55.80870199,37.46041596,170.39
10802.42,55.80870947,37.46042479,170.37
10803.42,55.80871695,37.46043361,170.35
10804.41,55.80872443,37.46044244,170.34
10805.40,55.80873190,37.46045129,170.32
10806.39,55.80873937,37.46046015,170.30
10807.38,55.80874683,37.46046904,170.28
10808.37,55.80875428,37.46047795,170.26
10809.37,55.80876172,37.46048687,170.24
10810.36,55.80876916,37.46049580,170.22
10811.35,55.80877661,37.46050473,170.21
10812.34,55.80878405,37.46051365,170.19
10813.33,55.80879150,37.46052255,170.17
10814.33,55.80879896,37.46053143,170.15
10815.33,55.80880643,37.46054029,170.13
10816.33,55.80881391,37.46054913,170.12
10817.33,55.80882139,37.46055795,170.10
10818.32,55.80882888,37.46056676,170.08
10819.32,55.80883637,37.46057556,170.07
10820.32,55.80884386,37.46058436,170.05
10821.32,55.80885135,37.46059316,170.03
10822.32,55.80885884,37.46060196,170.02
10823.32,55.80886632,37.46061077,170.01
10824.32,55.80887381,37.46061959,169.99
10825.31,55.80888129,37.46062842,169.98
10826.31,55.80888876,37.46063726,169.96
10827.31,55.80889624,37.46064611,169.95
10828.31,55.80890371,37.46065496,169.93
10829.31,55.80891118,37.46066382,169.91
10830.31,55.80891864,37.46067268,169.90
10831.31,55.80892611,37.46068155,169.88
10832.30,55.80893357,37.46069043,169.87
10833.30,55.80894102,37.46069932,169.85
10834.30,55.80894848,37.46070821,169.84
10835.30,55.80895593,37.46071712,169.82
10836.29,55.80896338,37.46072602,169.80
10837.29,55.80897083,37.46073492,169.79
10838.29,55.80897829,37.46074382,169.77
10839.29,55.80898575,37.46075271,169.76
10840.28,55.80899320,37.46076159,169.74
10841.28,55.80900067,37.46077047,169.73
10842.28,55.80900813,37.46077934,169.71
10843.27,55.80901559,37.46078821,169.69
10844.27,55.80902306,37.46079708,169.68
10845.27,55.80903052,37.46080595,169.66
10846.27,55.80903799,37.46081482,169.65
10847.26,55.80904545,37.46082369,169.63
10848.26,55.80905292,37.46083255,169.62
10849.26,55.80906039,37.46084141,169.60
10850.26,55.80906786,37.46085026,169.59
10851.25,55.80907533,37.46085910,169.58
10852.25,55.80908281,37.46086794,169.56
10853.25,55.80909028,37.46087678,169.55
10854.24,55.80909776,37.46088562,169.54
10855.24,55.80910524,37.46089446,169.53
10856.24,55.80911271,37.46090330,169.51
10857.24,55.80912018,37.46091215,169.50
10858.23,55.80912765,37.46092101,169.49
10859.23,55.80913512,37.46092986,169.49
10860.23,55.80914259,37.46093873,169.48
10861.22,55.80915005,37.46094760,169.47
10862.22,55.80915752,37.46095647,169.46
10863.22,55.80916498,37.46096533,169.46
10864.22,55.80917245,37.46097418,169.45
10865.21,55.80917993,37.46098303,169.45
10866.21,55.80918740,37.46099187,169.45
10867.21,55.80919488,37.46100071,169.44
10868.20,55.80920236,37.46100953,169.44
10869.20,55.80920984,37.46101836,169.44
10870.20,55.80921732,37.46102719,169.44
10871.20,55.80922480,37.46103602,169.44
10872.19,55.80923228,37.46104485,169.44
10873.19,55.80923976,37.46105368,169.44
10874.19,55.80924723,37.46106253,169.45
10875.19,55.80925470,37.46107138,169.45
10876.18,55.80926217,37.46108024,169.45
10877.18,55.80926964,37.46108910,169.45
10878.18,55.80927710,37.46109796,169.46
10879.17,55.80928457,37.46110683,169.46
10880.17,55.80929203,37.46111570,169.46
10881.17,55.80929950,37.46112457,169.47
10882.17,55.80930696,37.46113343,169.47
10883.16,55.80931443,37.46114230,169.47
10884.16,55.80932190,37.46115116,169.48
10885.16,55.80932936,37.46116003,169.48
10886.15,55.80933683,37.46116888,169.49
10887.15,55.80934430,37.46117774,169.50
10888.15,55.80935177,37.46118659,169.50
10889.15,55.80935924,37.46119544,169.51
10890.14,55.80936671,37.46120430,169.51
10891.14,55.80937418,37.46121315,169.52
10892.14,55.80938165,37.46122201,169.53
10893.13,55.80938912,37.46123087,169.53
10894.13,55.80939659,37.46123973,169.54
10895.13,55.80940405,37.46124860,169.55
10896.13,55.80941151,37.46125748,169.55
10897.12,55.80941897,37.46126637,169.56
10898.12,55.80942642,37.46127529,169.57
10899.12,55.80943384,37.46128425,169.57
10900.12,55.80944125,37.46129328,169.58
10901.11,55.80944862,37.46130238,169.58
10902.11,55.80945596,37.46131158,169.59
10903.11,55.80946326,37.46132086,169.59
10904.10,55.80947054,37.46133020,169.60
10905.10,55.80947781,37.46133957,169.60
10906.10,55.80948509,37.46134893,169.60
10907.10,55.80949239,37.46135821,169.60
10908.09,55.80949975,37.46136734,169.60
10909.09,55.80950720,37.46137625,169.60
10910.09,55.80951475,37.46138488,169.60
10911.08,55.80952243,37.46139317,169.60
10912.08,55.80953023,37.46140106,169.60
10913.08,55.80953816,37.46140853,169.60
10914.08,55.80954623,37.46141554,169.60
10915.07,55.80955443,37.46142206,169.60
10916.07,55.80956274,37.46142807,169.60
10917.07,55.80957117,37.46143357,169.60
10918.07,55.80957971,37.46143852,169.60
10919.06,55.80958835,37.46144287,169.60
10920.06,55.80959708,37.46144662,169.60
10921.06,55.80960588,37.46144977,169.60
10922.05,55.80961474,37.46145233,169.60
10923.05,55.80962366,37.46145427,169.60
10924.05,55.80963261,37.46145564,169.60
10925.05,55.80964157,37.46145650,169.60
10926.04,55.80965055,37.46145696,169.59
10927.04,55.80965953,37.46145702,169.59
10928.04,55.80966851,37.46145675,169.58
10929.03,55.80967749,37.46145624,169.58
10930.03,55.80968646,37.46145555,169.57
10931.03,55.80969543,37.46145472,169.56
10932.03,55.80970440,37.46145380,169.55
10933.02,55.80971336,37.46145280,169.54
10934.02,55.80972232,37.46145182,169.53
10935.02,55.80973129,37.46145091,169.52
10936.02,55.80974026,37.46145010,169.51
10937.03,55.80974923,37.46144946,169.50
10938.03,55.80975821,37.46144906,169.49
10939.03,55.80976719,37.46144895,169.48
10940.03,55.80977617,37.46144914,169.47
10941.03,55.80978515,37.46144964,169.46
10942.03,55.80979412,37.46145045,169.45
10943.03,55.80980308,37.46145161,169.44
10944.03,55.80981202,37.46145311,169.43
10945.03,55.80982094,37.46145493,169.42
10946.03,55.80982984,37.46145709,169.41
10947.03,55.80983871,37.46145961,169.40
10948.03,55.80984754,37.46146249,169.39
10949.03,55.80985633,37.46146575,169.38
10950.03,55.80986508,37.46146936,169.37
10951.03,55.80987378,37.46147334,169.37
10952.03,55.80988242,37.46147767,169.36
10953.03,55.80989101,37.46148234,169.35
10954.03,55.80989954,37.46148734,169.34
10955.02,55.80990800,37.46149267,169.33
10956.02,55.80991640,37.46149833,169.32
10957.02,55.80992471,37.46150434,169.31
10958.02,55.80993295,37.46151069,169.30
10959.01,55.80994110,37.46151740,169.28
10960.01,55.80994915,37.46152447,169.27
10961.01,55.80995710,37.46153190,169.26
10962.00,55.80996493,37.46153969,169.24
10963.00,55.80997266,37.46154783,169.22
10964.00,55.80998026,37.46155631,169.21
10964.99,55.80998774,37.46156514,169.19
10965.99,55.80999509,37.46157431,169.18
10966.99,55.81000231,37.46158379,169.16
10967.99,55.81000940,37.46159357,169.15
10968.98,55.81001639,37.46160360,169.13
10969.98,55.81002327,37.46161384,169.11
10970.98,55.81003008,37.46162425,169.10
10971.97,55.81003683,37.46163477,169.08
10972.97,55.81004355,37.46164535,169.06
10973.97,55.81005027,37.46165593,169.05
10974.97,55.81005700,37.46166650,169.03
10975.97,55.81006373,37.46167705,169.01
10976.97,55.81007048,37.46168758,168.99
10977.97,55.81007721,37.46169813,168.97
10978.97,55.81008392,37.46170873,168.95
10979.97,55.81009057,37.46171945,168.94
10980.97,55.81009714,37.46173033,168.92
10981.97,55.81010359,37.46174142,168.90
10982.97,55.81010991,37.46175276,168.88
10983.97,55.81011607,37.46176437,168.86
10984.97,55.81012207,37.46177623,168.84
10985.97,55.81012794,37.46178830,168.83
10986.98,55.81013368,37.46180057,168.81
10987.98,55.81013932,37.46181298,168.79
10988.98,55.81014489,37.46182549,168.77
10989.98,55.81015041,37.46183807,168.76
10990.98,55.81015591,37.46185068,168.74
10991.98,55.81016140,37.46186330,168.72
10992.98,55.81016689,37.46187592,168.70
10993.98,55.81017241,37.46188851,168.69
10994.98,55.81017795,37.46190106,168.67
10995.98,55.81018351,37.46191359,168.66
10996.98,55.81018909,37.46192608,168.64
10997.98,55.81019469,37.46193856,168.63
10998.98,55.81020029,37.46195102,168.61
10999.98,55.81020588,37.46196350,168.60
11000.98,55.81021146,37.46197600,168.58
11001.98,55.81021702,37.46198852,168.57
11002.98,55.81022256,37.46200109,168.56
11003.98,55.81022806,37.46201369,168.55
11004.98,55.81023352,37.46202635,168.53
11005.98,55.81023896,37.46203905,168.52
11006.98,55.81024437,37.46205178,168.51
11007.98,55.81024976,37.46206454,168.50
11008.98,55.81025515,37.46207730,168.49
11009.98,55.81026055,37.46209003,168.48
11010.99,55.81026601,37.46210270,168.47
11011.99,55.81027155,37.46211525,168.46
11012.99,55.81027720,37.46212765,168.45
11013.99,55.81028298,37.46213986,168.44
11014.99,55.81028890,37.46215184,168.43
11015.99,55.81029499,37.46216357,168.43
11016.99,55.81030125,37.46217500,168.42
11017.99,55.81030768,37.46218614,168.42
11018.99,55.81031427,37.46219697,168.41
11019.99,55.81032103,37.46220747,168.41
11020.99,55.81032795,37.46221763,168.40
11021.99,55.81033503,37.46222743,168.40
11022.99,55.81034227,37.46223689,168.39
11023.99,55.81034964,37.46224600,168.39
11024.99,55.81035714,37.46225476,168.39
11025.99,55.81036478,37.46226316,168.38
11026.99,55.81037253,37.46227119,168.38
11027.99,55.81038040,37.46227890,168.37
11028.99,55.81038836,37.46228626,168.37
11029.99,55.81039643,37.46229327,168.36
